4936,8897
9302,8348
2087,5133
7495,3828
855,75
141,5175
278,7539
5002,4038
4623,5029
5612,9325
1656,9628
8377,9069
6775,3182
5933,7982
8495,5703
5688,1600
8762,4834
2288,9911
6116,1686
3596,2060
8473,4121
3342,3336
7317,9891
802,6823
8335,5011
5278,8674
7074,8822
8302,1678
9761,8416
7079,751
4269,9449
2381,7795
6864,7837
7073,9322
7474,7624
6008,5402
9384,5517
8468,9592
3554,8009
1204,1688
74,7137
3324,9660
9727,8103
9955,7561
5340,2042
5672,3786
928,5483
4543,1640
9629,2731
7109,618
5641,2617
492,5106
380,4316
4815,4450
7473,2177
1488,6880
2269,1769
7258,9965
8694,4075
4849,7576
2181,8274
1835,5593
8989,1168
6712,3416
7358,1775
6532,849
9935,4264
9193,2136
567,1891
6524,5126
5542,6370
3641,3046
3483,1333
5668,5842
6868,668
3708,505
2173,8847
3399,8634
9657,6370
1287,6760
8569,1716
830,7606
4873,3274
2451,4469
9674,377
5260,443
3166,7825
2054,9090
7042,633
3085,1552
3298,9868
2324,6085
2009,3602
4785,4706
6552,8610
7330,2860
499,9676
2651,4507
1637,2545
5180,7839
2887,5592
4201,1150
6300,5462
1597,1024
5286,7564
5358,3194
218,7322
5183,5181
9307,6965
2554,544
9081,5373
48,4900
332,8503
4768,9980
8212,2656
7138,9800
2560,938
1326,5738
9003,5618
1453,4275
6370,7561
9906,891
4916,2158
1021,8650
169,7435
9369,740
3860,7720
6235,9916
1865,7445
5741,9962
217,959
9143,3715
7512,174
6175,7074
4907,4468
4581,8689
1575,4627
6484,5090
312,1665
1535,4140
6398,9459
2162,8434
7003,8905
6364,1405
9645,1486
4112,6841
146,5205
8583,5270
566,9005
8062,5905
3534,5899
7250,9144
8416,1787
3412,9063
4982,179
5553,1572
4134,5076
9013,6066
2003,2135
472,2888
6404,8951
1762,3692
5419,9414
9778,9699
5561,151
6680,5964
7005,2247
5566,7800
1812,5958
3447,2272
4338,2852
961,2536
9209,98
6704,4684
9569,7655
7975,7884
5521,8071
5794,6914
5910,2123
5806,5062
7485,2347
932,5155
1887,4025
713,6540
2411,2243
4610,6418
4203,1453
9653,2104
6875,3594
6985,8711
7652,7892
2912,7326
9213,2891
4199,8462
3261,3630
863,3011
8268,6625
1224,506
4674,1423
5781,6457
8387,5887
7139,3720
148,1527
5616,6215
2848,1614
2437,5233
6671,6531
2845,6921
3916,2461
4355,3259
7785,1015
5156,9613
5997,844
7533,5666
8868,2645
9150,1843
2215,9334
4319,5433
1665,4043
4183,1479
7652,8829
8884,5233
4926,3209
2115,7334
4640,7194
3153,810
6068,7850
4657,7487
7618,2305
9073,8936
5990,6180
2419,3964
8787,4493
7268,1512
5056,8387
5499,4580
3344,4405
647,7972
280,4284
4414,5398
2190,7448
4269,605
6978,4908
1233,6637
8011,1335
7299,6293
2517,9615
7618,9836
4953,2574
5483,5124
5762,642
1007,1145
6797,4725
2344,2200
6650,4133
5127,1678
4761,9268
1672,1753
5402,176
3310,6589
4215,4834
8337,7898
1808,1889
3284,3225
1778,4790
2991,1545
9699,3502
2305,8537
9954,2488
7057,8088
3228,5463
2992,142
2682,5582
277,6673
4104,6343
1239,3990
2212,2945
911,4196
4125,421
8162,958
6877,67
1050,5134
4525,6073
4084,259
2038,5893
1828,8128
8519,4466
1806,1727
8331,9175
8229,7657
1161,5422
2113,3668
2378,583
9390,5791
4093,6291
5719,5466
2958,3120
8622,9622
4822,9338
9147,8903
4426,4509
3067,6605
6312,8812
6560,1391
1639,7578
3090,8573
122,8703
8209,1920
8865,8274
2319,2333
9488,2428
2463,7245
6469,4919
5062,7838
2883,9358
2410,5012
5303,6003
4954,5887
3736,1264
8835,7694
7249,3270
7507,1870
3296,7066
3507,1890
8153,8130
6872,5770
6090,4661
1398,322
2152,3250
5201,6629
1761,9935
3174,4493
8862,1998
9628,188
7225,5059
7701,3983
778,7951
4179,5066
3439,159
6579,3623
6427,5624
2598,6624
9849,965
933,3034
3680,7017
7436,6891
976,3526
5575,869
9182,196
663,5875
4876,5990
7432,8592
1054,9674
2738,4666
7515,5645
5577,8660
8574,3264
1876,315
9427,6523
8351,8557
8830,4173
4192,3401
1241,1912
4073,4990
7272,233
9411,7379
2119,4090
8857,6352
9310,8955
2418,5267
2068,2989
6354,878
1888,6812
6436,7899
6833,8044
108,764
731,9586
9231,559
2644,2939
4396,9598
4956,7950
15,5038
4064,5552
9383,1857
3247,8524
5552,9332
4995,4092
525,6777
8751,7727
9497,3011
4428,6361
1289,3075
8274,8957
6742,6049
8606,3505
76,7809
2215,8796
2984,9626
6554,9351
5886,8348
6718,7446
5782,3206
3823,9535
8824,4456
486,8167
1531,294
6479,4764
1603,6144
6893,4062
7573,1205
7904,1072
4177,3518
1078,8861
5283,6656
7140,2232
5969,1298
8076,8389
4933,4123
2257,5982
1156,5767
4509,3279
6547,6496
3845,6955
9461,3945
1748,9156
7238,9593
4627,33
6597,6503
7580,6902
3287,6295
8278,563
5617,4687
9249,8681
7841,8539
6470,4893
7347,8825
6178,7413
3852,896
9708,5865
5043,3010
1583,7880
4302,9837
509,1227
4406,9443
2418,3211
5502,8438
1532,3790
6301,882
9172,1273
5846,663
9943,7774
273,2604
9327,1659
1419,4096
1937,9148
7915,6037
3599,4599
8397,5593
4124,4152
9935,1014
762,3803
9504,8003
9399,1512
4947,1836
1465,9791
5000,2336
3455,3030
759,7015
428,4522
8264,6910
5427,6598
1477,9438
5775,1634
9676,2211
7051,940
8632,9538
5367,8980
9736,5394
4889,3248
8263,2827
5110,2112
8336,2800
9305,6919
1629,8866
9284,2831
7341,6841
4028,2887
4127,6340
9123,7953
6831,2408
149,3340
4695,8378
5304,3194
5996,9329
107,5058
6093,7797
3960,2646
5295,9025
4991,406
4309,5179
9014,9817
6086,2212
3011,358
2932,7052
9549,6730
5470,8929
8965,4693
2939,2966
2616,9017
3848,8079
3092,1296
3753,5860
2501,3928
2775,254
5445,3955
3790,5922
5535,5080
2081,9562
1926,7925
7254,8221
9652,8959
445,9444
8147,9221
9798,1751
1053,1304
2795,5522
3145,781
7994,2655
446,3956
1174,3101
1775,4385
2919,1925
7709,2524
8812,6534
3389,2471
5965,8368
117,4852
2073,2757
5020,2003
5968,2289
8415,6840
6073,7765
901,2697
8410,3153
6018,3944
6660,1940
8272,4283
2300,1943
2643,3409
5968,8833
1465,1761
2455,5363
2434,5618
9542,8624
6757,9503
8187,6658
5584,3607
4685,6442
7673,2304
8176,1463
1015,3667
4911,5535
4850,1321
4423,5171
3555,4417
3656,6476
305,5523
1076,5956
608,3303
7124,6420
3187,2145
7248,4169
2118,2873
6874,8853
3352,2072
5616,9653
5943,5358
1080,5439
4506,2278
5562,8312
906,2723
8997,8144
3456,8050
5688,8325
5871,3971
9750,5267
6437,7158
548,9083
9894,1693
1542,5277
67,9385
7543,8166
4765,1678
4764,8473
1620,2669
5132,4860
3647,670
1732,2674
181,7605
723,9923
5778,4622
8138,8700
4343,5619
5201,5632
2224,6857
9270,9882
7623,4764
2065,8790
501,6837
895,4495
7710,765
6067,3250
3753,9613
5755,6775
7855,1155
4647,5097
3849,2663
5441,6178
1487,6825
1636,4806
4282,7674
2962,5869
5777,4018
7778,5393
8593,2866
4856,5810
4499,6453
5082,1830
3298,120
6693,2832
8129,3182
8878,6937
9576,7463
5615,9139
9681,3336
6409,1386
8989,710
1784,2553
4284,1404
7014,3192
5418,8752
3223,789
1221,952
3974,3771
6695,5677
5916,4027
8093,9021
2625,2123
1915,1502
3592,1741
2843,3052
4129,8723
6356,5805
7666,2653
265,3764
1669,6874
2133,2860
107,9124
298,3520
2669,7442
3606,1659
893,5503
4134,1198
1046,9
6687,382
1203,3991
8875,6863
242,8075
2916,8637
2150,4753
396,1076
7986,5860
8557,8213
7756,4818
8335,7159
4962,3767
3493,245
4411,4721
4018,24
1464,393
677,2925
5184,3871
2695,7639
3739,4325
4598,9980
9055,3523
7194,2295
6059,3054
4245,766
8418,537
2258,3177
5433,3374
1923,5722
7413,8949
5988,691
3983,903
2106,7468
3103,8621
4111,3436
5025,6837
7240,6895
8252,6488
5217,1419
9099,8564
8542,2998
1865,4284
1850,5822
3943,9341
6337,3846
5593,2208
5298,3550
5565,9851
8591,4731
5685,9329
3610,2328
1842,6107
4076,9819
6928,8548
6271,426
5545,9055
1330,1562
5745,8515
3899,1749
4547,5717
8199,533
8235,6938
3162,1986
3402,7610
7147,6589
6254,1445
2709,1452
5760,2318
9788,4834
7074,9522
3148,6257
3094,5329
328,3500
3231,9435
1947,3595
618,1356
6471,7541
4343,5086
5290,3459
2532,1020
3063,1697
6302,5369
1136,5226
4259,2434
7997,8304
9652,7292
8058,51
971,140
1519,2198
3533,1952
906,6209
5754,1676
9911,210
6410,5303
8516,4621
5989,2294
9154,8115
4638,7266
5617,4556
1522,4007
7766,1291
6868,4248
675,6922
9806,6381
448,2982
1556,5915
6970,8373
9816,2781
4225,5173
4701,4671
4587,7726
1643,6038
5542,2766
7851,5360
7381,8739
8056,9174
2186,958
9255,6607
7355,3940
9747,8747
3132,1695
2864,2584
7289,4736
8309,2147
6388,7928
1932,4648
9082,837
3739,2161
9529,3309
8089,3510
4491,4821
5482,4015
7325,3608
6251,6236
7009,6214
9418,390
2721,7515
8889,6725
6825,5380
1496,8147
7633,1770
2188,491
434,3925
8960,5817
5997,2516
9991,7812
8874,1817
4782,8095
4349,393
5907,9960
4625,7663
6640,882
6566,6310
5263,5696
8478,5897
6848,4256
7920,2782
6210,4594
9782,6600
2583,1857
3585,9670
7686,6950
6808,9144
5388,9644
1720,7121
8380,9716
88,3397
785,5339
118,684
2571,9536
2551,5888
3395,5350
2315,5648
5530,8987
3362,7930
250,3375
6789,5263
7109,7246
577,5601
7424,8201
9768,4265
5024,9684
2764,9248
1795,4376
1529,562
4544,2673
8425,424
7248,7310
3459,1742
2397,6352
6523,3074
9030,8793
5197,547
7315,9796
9568,9043
1579,6705
7499,2165
1275,5064
9236,4772
6999,1694
6016,157
2179,9861
8789,9923
6576,1447
5642,8031
6972,4535
9196,7101
567,5471
9453,9615
5249,5820
7916,5510
3492,8597
5022,5352
2970,3218
822,5563
4906,6510
7994,5790
3162,494
3930,4854
498,9511
953,9899
7565,6030
4365,1024
3249,5406
31,8177
5684,8717
230,4746
1936,4383
8204,3419
7537,2434
4545,2849
2477,969
1597,82
6923,1474
3193,8366
4684,7040
6751,8540
8455,8011
5544,7758
7024,2543
6263,2724
2752,2965
4168,2721
5355,3193
4626,1822
7545,1684
2793,5353
5540,6431
8973,3473
8516,1978
8352,1007
9792,1893
9510,2549
9651,4901
6163,2152
2338,4627
6813,2075
7730,3241
8910,5142
816,9495
2856,9215
205,4776
9679,590
7597,5813
484,9954
8133,6488
3368,122
8278,9769
3810,1143
1793,4719
5820,4196
7431,9122
9321,2539
9195,6871
6965,1507
5635,195
571,7167
1383,4116
7162,5481
8240,4012
244,2567
1600,3255
1469,8401
7777,8418
9580,3151
9771,8256
8431,2267
3255,6603
8263,1145
2179,5705
6211,7402
6310,3657
5202,6417
8015,5931
30,8277
6725,8419
3844,7164
2199,5619
7509,7601
988,7482
8786,81
7150,2809
484,9255
9702,1759
8738,3278
2644,3192
1213,6547
6313,1268
9904,8450
4744,494
9862,8712
7311,3483
5437,5128
2090,1717
5507,9559
6734,1924
7430,5261
4716,9047
122,5216
834,2937
341,8682
944,8724
6656,5704
1484,9842
8816,8511
3563,8115
4303,9768
4068,6158
7318,3272
6437,576
9027,5897
1550,6183
5633,7826
9832,7825
917,6711
7103,8217
7260,7536
9829,6383
7898,9037
7510,4408
881,9335
7686,6910
2894,6285
9910,1073
2368,266
9291,2271
2690,1199
1664,6527
9783,9553
1273,3362
4041,1306
584,7874
4125,8938
4378,3915
3926,4245
8251,8323
1879,8472
6258,938
1734,7353
6165,3366
9508,230
6489,9867
2731,5181
8739,7660
4926,8702
1068,3424
4046,3073
3195,930
6440,4059
7848,9628
5782,3854
4283,1885
1774,6323
3005,6589
3901,5839
1767,942
2588,4233
6000,7583
6805,9401
7083,473
5989,2379
4548,4212
7636,4620
5470,3765
9508,1994
1603,3829
9033,9342
5233,5539
4596,4546
6025,4726
5977,2473
8673,2521
8767,4343
2043,1033
5000,9735
4624,6500
4639,6995
9268,9311
4988,6596
8315,8505
9753,2161
2040,639
2513,1505
4481,4333
1488,7320
9342,5988
323,7372
5815,3753
7871,7750
8527,6634
900,9856
2118,7031
1733,8323
9988,1177
233,1573
8856,8872
6145,9385
2678,1899
2188,7982
7170,5575
9509,2978
7482,470
812,428
3607,2644
6142,2355
4385,3370
3338,2644
7201,812
21,5034
2809,8568
3988,8922
1127,7958
3510,2586
2157,366
5104,7296
3232,3155
6056,2040
3181,5962
1277,7780
6974,600
3922,5959
1482,3745
8705,9655
3136,5329
2137,3220
477,1101
3689,8090
7913,3761
251,4502
8781,7462
6508,4384
5088,8877
5523,2857
1341,845
4466,5554
1380,9545
3390,3397
6568,6784
1006,9297
4870,4785
6688,1149
9285,4371
9204,4248
3889,6350
4440,9907
1452,1088
2249,2345
1734,5553
3724,5328
739,5560
2644,1275
3873,8190
5937,3734
7948,515
7869,3078
9775,3550
1009,1179
1747,6513
4087,4785
2094,2785
7839,9165
7751,2612
8659,8411
8008,1726
4852,5459
6284,3834
5172,5001
8186,4077
377,7082
9749,7594
2125,4085
7849,6305
2796,59
1675,7466
8888,4349
5220,3969
3693,7855
3787,1747
7122,5852
7575,5992
5906,943
5506,9814
9097,2713
3782,2626
8931,5486
1964,2543
1523,2
943,1782
4090,4216
691,783
6849,2115
8852,5725
4899,2007
8743,6006
5943,1188
5125,9416
7185,5717
501,70
5349,4845
3571,3317
6193,4521
5659,4307
2922,814
6027,7223
906,2059
679,8419
9,6514
9831,6110
1330,1572
7183,1581
1698,5169
2291,8928
5646,1212
8116,2590
3646,7060
9873,3665
5594,7092
6390,424
1380,1833
3170,2122
3842,5888
8468,7771
6124,4344
881,491
4027,1661
3303,5255
6017,9058
1983,9888
3245,2785
8037,8767
5150,7244
2291,337
2374,1959
633,7874
209,4943
2681,4062
2467,9728
9963,1710
1368,4114
6832,1786
188,5245
9998,4518
1854,377
8318,2576
7354,9877
213,4242
6285,9349
607,7269
5403,4770
1225,4176
1591,9768
8608,3539
2551,4
7601,1147
5737,2392
4146,4918
2298,3929
6639,865
4904,5822
640,3824
5581,2440
2336,6284
4332,9934
5259,8472
637,2724
9315,8402
8177,2769
4346,3030
6294,6472
5099,1375
4517,6842
5002,3214
3739,7734
2167,5906
7236,9610
997,417
8649,808
2322,2162
2315,4001
1465,1081
8014,5783
6721,7331
6311,5189
1367,5355
7258,3029
3065,8796
7061,9022
2819,5785
7746,5105
3161,1731
2254,5464
5692,2746
8741,7795
9499,1912
4588,2159
3407,7707
9200,1006
4212,6633
1330,288
4674,9510
6434,9570
3280,2787
1337,5738
952,8990
2267,2219
9082,8128
6496,9448
6759,506
1313,6113
1085,5329
7896,3845
5264,6847
355,693
4002,2866
1248,8071
2147,3342
560,492
7083,908
6869,9383
683,4289
910,9003
7895,300
582,4542
9983,2189
9130,8314
604,4426
1557,5396
5555,8019
5255,6109
1418,6194
6823,9289
7686,2920
8343,2091
7805,1681
3736,1128
9141,4787
581,7669
9449,9636
7019,5793
4985,3877
3000,2831
4829,4728
8227,3902
789,6025
3123,1765
7244,8236
4619,9390
100,3050
5,7382
1145,5324
6438,6349
6227,4921
5490,425
2957,6048
9300,6131
2933,5639
6117,4990
1579,2039
1620,4819
1041,4537
75,6088
3849,8465
1853,8221
9329,8806
7975,8242
2239,7165
8135,3189
3134,5315
7571,6174
7150,2578
7860,5195
9563,8030
2641,9816
9587,4511
1873,4572
2976,9904
2328,760
4152,8996
3153,9671
5167,6050
2269,4402
5559,373
6804,1991
8208,8629
2187,9893
3429,8051
6260,5312
7179,7558
3121,3822
7834,9103
523,7719
974,7500
8105,9696
8969,4670
2616,2751
5187,2177
5652,9750
445,3827
1490,28
9003,558
8382,5349
5731,898
5294,5866
6297,8721
5537,7816
3724,4718
5856,173
4924,3997
2696,5322
5831,8298
8584,6938
3316,3116
9172,8227
244,2229
1537,5221
1976,766
589,2640
8292,6450
5170,7572
2730,2861
6412,8683
8578,7284
8956,7280
9642,8643
4362,6931
8641,9826
6159,7863
8661,9752
700,8902
7369,5980
1611,5955
5644,8956
7354,3662
2265,5663
7771,4550
5686,3587
5386,8658
8423,5823
8755,7664
372,3985
2315,8791
6337,9585
279,4041
9031,3856
7394,9273
5212,1135
9698,7725
7339,3031
7184,4577
5363,8409
6992,3359
2389,90
9574,8184
243,6435
1315,5453
6979,6690
4468,7597
5930,3601
9481,8258
3131,2357
7619,1553
9208,6673
885,485
4511,1334
6812,9448
911,3302
8082,5232
8030,2715
593,6260
3243,9150
2415,434
9890,2120
490,9967
2397,5929
5111,6748
1478,2191
7876,8277
433,1055
8459,9298
424,5873
1984,3304
5334,1584
1813,5261
7921,2897
4616,1924
946,2682
5745,5508
4448,2525
7879,3870
4804,9804
4478,8444
291,1340
9487,5988
5128,1495
5363,1365
6844,9635
7705,2856
8002,4029
6298,8315
7139,7805
5083,8121
9987,195
6275,9621
7024,5476
2538,5225
5265,431
2387,6610
3616,4763
9991,6375
9695,6839
4057,2850
2480,7050
7488,966
1157,5917
393,5937
1297,1209
9527,3971
1596,5909
2758,6135
6278,2667
7772,79
7077,7391
9349,6235
2164,1122
4288,3340
8667,5586
4312,3437
6773,5302
6381,1487
845,2387
2878,3784
8037,5042
1220,8634
7326,3794
1086,9910
6498,7890
5339,7061
3824,4631
3577,7833
5271,7640
9724,3982
323,1857
5349,1755
8644,4180
8678,5134
1150,9115
2652,840
7492,3646
6290,4651
8062,8781
6495,611
5488,6450
3049,4338
1971,884
1523,5137
6047,61
6010,4440
3902,7575
5640,7192
9496,310
7241,2480
1889,4732
3906,7008
5919,1959
8610,8274
4522,536
148,7470
5906,5909
7667,660
5217,5513
1703,2441
4252,5652
6146,9644
1504,6106
7057,7155
5519,2079
8601,7198
6086,1820
155,7084
3414,2066
7213,646
1348,2216
6731,4287
8218,2885
2975,340
9678,2610
3238,7991
6681,709
7580,4693
4552,9686
3432,4262
8832,3258
3974,3691
8741,713
7577,8514
5075,2611
9036,3527
3750,7469
8571,507
9738,9802
2366,4751
1332,539
2293,1615
662,8172
818,144
5226,3980
6715,7610
7644,848
1748,6625
1068,7564
1505,910
5171,3050
6332,4776
7458,8877
1066,2527
3428,143
7671,4531
7826,9725
8,296
9969,4055
4277,7552
3532,1824
8907,6120
5546,5930
9117,6716
2500,6298
1452,2097
156,2131
8638,6229
3965,2502
6517,5683
9554,431
7904,2629
6052,198
1546,8550
5704,2904
7358,8135
140,1154
6688,5185
4132,6590
863,2736
4925,1305
3602,4258
1460,7695
1274,7025
3106,1718
7083,496
319,7957
5336,6968
4895,921
951,6157
7447,3159
4366,3848
8668,8296
6734,5101
3681,3846
9464,9288
4690,7550
3696,9059
7109,6370
4077,2265
7686,8204
8612,6656
3845,2578
6080,3950
4037,5338
9585,1010
451,2602
2060,2380
3443,6821
2342,8477
6075,3962
4488,3428
1153,7087
5816,5319
5288,8927
2360,2018
2201,5475
65,4490
3569,2634
4764,9425
4390,73
354,8221
6623,8338
2643,5122
5636,7437
2904,6199
2263,5133
83,9530
4368,8120
3420,1844
3502,7671
3488,6447
5792,5268
1650,1726
4829,5190
2363,4818
2442,7414
4165,1898
5878,2240
3619,6328
3794,714
2837,4242
2250,1352
1758,1117
4716,2115
4917,938
3987,3311
4614,6967
4944,755
2864,1569
7664,8249
7025,8559
6234,3086
4607,9166
8826,9860
935,9863
7056,4949
4132,3924
6097,932
7721,7125
1671,9641
5302,8151
7167,4370
7102,3525
2301,2929
620,3310
6001,1323
3744,7274
6317,8119
2703,5183
3647,4791
6837,655
9823,8441
525,3806
6376,3287
7651,4052
7740,3476
6652,4869
2154,9591
5639,8992
5525,1056
4837,8878
7383,1793
8116,6313
5111,310
687,704
6166,5430
5025,3457
4212,2595
2342,708
8397,4404
4660,7425
3994,3678
2231,1461
8823,2109
2663,8592
7939,1210
869,2199
155,6090
7845,3847
170,6254
6131,3086
4122,8261
5721,3061
8584,8647
516,1306
7281,6830
75,2118
2929,3157
1903,6785
2604,2791
2090,9685
1087,6718
483,5294
1197,9904
3743,2940
8779,2179
5103,6008
6003,301
8527,6443
9524,9235
8831,384
8497,7765
9833,6292
9392,9821
6551,6090
8414,3476
1592,5798
2611,8244
9672,7183
5716,9984
4156,1500
9211,2903
5381,9710
4856,238
5190,2828
5288,2810
2381,5644
8467,6290
669,9082
1275,1376
7330,3923
8373,4776
9853,1506
6039,2081
1776,4127
5137,642
8883,2946
3020,8526
5756,5325
9126,6267
752,3522
2725,9371
9677,4288
2179,1141
1743,9454
9373,7780
7160,1104
2194,7021
5622,1062
6966,5608
2852,3770
4900,4811
7605,9569
758,3831
6176,4053
7378,758
5100,754
7009,7947
3098,4269
2732,8403
3894,3141
226,9591
2456,5634
1364,655
6053,3276
8999,670
9094,3836
6039,4674
3491,8261
8730,4070
4271,7473
843,3784
6415,5197
8882,2174
9766,4885
8163,5437
6193,7496
1370,3175
8454,7665
4609,274
4977,3085
3636,9032
8659,2585
979,2265
4256,5713
9949,5892
4584,6731
6903,9947
9644,9263
5000,3022
766,4190
3748,3654
2585,110
5559,2605
5859,562
3138,9487
168,1032
8049,5443
2328,3817
9882,432
3292,8632
256,52
4476,4234
3624,7589
3344,5557
7947,2046
2948,9568
5330,4281
6908,9675
312,4092
7569,3883
6599,8622
6233,9148
5425,2797
6398,2551
8755,3248
3654,1845
5606,6042
1660,7451
9271,9945
9374,8946
9344,8276
3388,6699
8675,1602
5828,9512
7542,9277
4555,4581
460,9458
4033,3663
1059,6266
6277,6344
7334,4072
3186,6820
5869,9561
8113,4147
6962,6802
973,537
1554,5623
234,8743
4471,7037
6640,7683
7706,3494
4262,149
8416,8465
3877,4119
9929,2459
448,1588
4114,6576
5746,4548
6876,8680
9145,1876
4818,1335
1527,4213
8962,695
3508,4999
2031,984
4353,50
505,3688
5728,4587
5941,9522
9560,1470
4324,4633
6216,6821
4388,8020
334,212
8394,9318
7774,4602
8003,9325
6039,4770
5960,8963
9020,4089
3505,7372
3337,8534
2278,8072
8298,3848
232,1631
3708,3951
3260,1548
1207,7492
2203,1689
8767,1928
1699,9415
9648,8958
7627,602
2197,2145
5327,1043
3620,9074
4650,9495
7485,1256
5617,6788
1656,897
9136,8254
6441,9495
577,2369
6669,2338
1007,3229
4194,8318
8781,546
3554,1171
185,718
9843,9697
8977,5483
7893,2186
3670,2879
3547,336
8917,7279
2705,9146
5099,6243
3169,220
6974,7672
1111,2017
3608,1535
3857,2027
6532,3337
3279,1180
616,6706
4353,1517
178,7030
7716,9933
4449,6195
4077,5581
3836,8786
3743,6587
1635,7494
1102,9457
1018,7274
3598,5309
2978,4344
7295,2081
5805,609
3972,2010
3728,8747
8414,2723
3848,8974
4645,6149
6769,4879
8439,7484
5922,5568
4264,6159
4807,1263
7056,3774
9491,9074
3568,6216
6981,5414
3096,3841
4671,7565
7982,5276
3569,9473
6632,5825
4767,3711
853,8941
8769,7913
4998,3407
5309,6331
9454,4344
1547,4591
3175,3237
8864,4128
875,7559
2861,8576
4341,4759
6247,1865
8157,2722
1173,5632
5307,1949
1725,4631
9062,9117
6105,7890
8435,7652
4102,195
6903,4135
9752,9378
9071,3440
9638,8719
8839,3296
3212,927
3969,2644
731,4263
8457,2322
1605,7393
1507,7060
5269,2210
857,6527
7159,8266
3922,2852
1392,9377
3258,7030
4133,503
6753,7902
3674,4806
8299,1666
8464,5332
9609,2169
139,1002
7709,6300
3412,6775
5152,866
6769,3291
9708,4952
7897,9577
1534,3602
9560,5760
2329,6155
9254,612
619,6578
8217,1792
8504,6263
3303,2078
8630,5468
5587,8438
7438,6447
7665,2638
5006,7508
20,260
194,1364
1698,9605
7802,4926
8210,4967
3423,8705
2905,1899
2400,9327
3686,9129
5471,4117
9326,8465
5897,1548
2168,5595
6872,3531
8327,5601
3065,4308
4157,6927
4413,1582
3443,7917
3192,2201
1556,4316
7602,8928
4519,750
1438,5492
325,2083
2571,1999
2688,2443
7141,7354
1780,8949
7996,2621
8686,3310
3948,1227
5861,2935
8600,305
9644,2180
6437,9945
6668,1800
7411,3175
3640,5082
2877,2764
7831,9732
7805,6495
5053,1448
5315,5191
6776,7893
3170,9561
5876,4289
1583,4080
2887,9495
8290,1848
4994,6693
1554,2047
7615,839
5900,3040
5867,4808
6083,5676
1382,3945
7326,9846
2485,4496
9041,1302
4006,1838
6036,4141
384,762
5520,4911
6598,3338
489,8787
7125,4860
7403,4702
3716,3088
8821,9485
1019,6874
3920,931
3901,7087
2704,5260
5473,6242
5134,2394
5097,1528
5277,4437
6885,8480
7769,2903
5013,5820
9752,3460
2377,4958
7479,9110
6919,3491
8563,5051
3381,3432
6859,214
3909,8535
5523,138
1512,474
9966,4663
9267,4435
2459,3803
6819,1705
6815,1373
5961,1030
5585,1698
5179,7682
7929,2561
7890,6650
6957,8153
7108,1629
9028,2273
9341,7753
7580,924
3134,4004
2750,5398
8057,3000
561,7374
3380,591
2451,3132
6135,138
4068,782
7647,9144
9338,6365
8790,6781
1395,3280
767,8398
8010,40
5860,1599
4390,5090
4166,7244
3067,5703
1531,1279
7959,3684
8255,1070
8867,1641
4849,9340
4019,9326
1139,1342
9678,477
3961,6554
2837,3286
3526,4708
1186,2425
1428,1699
4018,7686
7929,1948
8153,1479
6393,8237
3888,4994
9679,7623
1791,840
184,6201
3852,2773
4008,1311
6710,6351
3789,6284
2244,7597
8300,8066
946,2794
8334,4971
5963,2872
1496,3783
102,7695
5272,2394
2883,7548
6565,2098
4967,746
2272,691
8965,6206
8056,9899
2924,1098
2940,9832
1059,8964
6549,432
6715,3706
4977,6094
8895,300
8655,7146
1479,7666
6058,3141
704,6811
9637,2165
7453,3610
2213,3521
8148,7078
617,7077
1798,8497
7740,7350
6086,7518
4371,579
7217,2152
6212,3416
332,4032
8937,8354
9756,8869
1342,3673
18,8028
9712,138
5924,9662
1367,8097
6502,162
3778,5795
7960,2387
5499,7177
5671,1201
1585,3244
4683,8598
9129,329
7602,1701
8573,7843
3972,527
6230,3544
8149,6861
1906,7115
4001,3104
875,3012
8459,4292
7833,8043
2983,8292
4044,9966
9506,6453
9675,5942
7114,7617
6013,7351
2896,2192
770,9364
1816,2041
3611,2059
8619,7019
9154,6120
6072,5560
5884,2777
7019,2388
8362,1337
8332,1732
4280,4125
8650,6639
2730,3660
621,3690
9519,1030
9623,6495
9273,8484
4595,9958
4275,6679
4748,1192
564,6537
6,835
4599,5539
3377,8966
8918,942
5302,8004
4324,9474
5643,6419
9685,1510
3865,7227
8540,6025
6377,615
3398,3471
4285,6863
7431,1179
8417,853
1247,3728
7603,4977
8508,6883
3852,7700
6248,4951
5342,2185
7463,2693
4841,6808
6028,1437
2846,8994
3849,4780
9463,588
2844,6574
2219,6658
5280,5590
2751,8568
518,5919
982,888
7447,4173
5832,5090
9760,1294
2775,9226
7365,5897
5290,1066
7896,1777
3186,730
1200,7143
2535,4919
6414,5517
139,6069
2599,5595
5955,7017
1264,2737
8586,2842
6115,8816
6996,7714
7047,1426
2507,6721
9559,7006
9216,994
242,592
3857,3897
7432,8662
6676,3751
6974,4317
6408,1464
7940,765
8767,2407
9066,5340
2791,8787
5148,444
6499,4505
424,5643
2278,3449
4206,1566
3056,5141
3854,770
9760,8912
9719,3426
6493,8698
4948,3241
5374,6510
4133,1972
6294,1627
4644,6328
3913,7945
1479,4715
4041,168
4628,7241
4523,1094
5413,7249
6263,4172
7821,2427
4370,7415
9986,3137
3421,470
8046,7782
6511,526
715,3308
9469,2432
2524,5264
1202,5425
2179,3506
5507,8223
7179,5354
2477,6916
8318,2454
5091,1681
7326,316
175,1224
1388,5331
8296,3940
3832,4919
6702,6614
2133,1028
3804,6298
2245,1038
9157,9664
8673,2854
1583,872
5310,664
9418,3633
3010,6516
637,2956
9045,3926
8093,5661
1034,6756
5713,6680
6381,9474
2301,3700
6785,8877
4545,6751
4412,7399
7598,2566
2259,9470
1384,8212
6348,3318
0,2410
2699,4584
1864,5942
6470,7198
8193,1739
8010,3441
7388,1118
7926,6378
7578,9730
2129,2088
2647,3309
4978,7466
1363,7890
21,1744
623,2097
3860,2622
6583,7954
4099,6772
6400,5845
8530,3086
9136,6259
9010,2701
7588,761
7042,7643
6458,5263
55,9638
5782,9036
5455,2797
8386,9073
5280,5035
2919,731
7268,2203
7161,5051
1280,111
6031,9496
4316,188
8895,6924
6837,2111
1869,4053
6142,4169
9288,1440
7535,7330
2324,174
4586,6831
610,2065
8419,1146
4589,6537
8300,6937
942,8589
6061,9087
4577,2552
6002,6087
4491,281
3261,5519
7901,3655
7370,2244
6422,6484
5656,1580
3103,7240
8390,8261
9779,1938
6874,6977
7953,1504
7374,1018
9348,8542
6167,4665
6151,8333
8947,1672
570,3597
7980,7405
9586,6627
5152,8131
6823,7365
6607,5118
3403,7113
8144,2619
3105,7721
8733,3558
8124,9079
2523,1051
2202,309
4545,1897
4417,1943
1858,6008
4822,6811
6548,4278
1111,6481
3330,5176
8889,8928
8248,8774
1643,3063
5667,9972
8133,2382
1960,3463
4013,8112
9610,3507
8282,24
3207,6815
7932,8185
1198,5904
5490,7936
7653,9809
8615,2115
5716,9016
7665,2779
157,9791
7525,4992
1137,8658
6117,2128
2136,1845
644,8755
1254,9656
5644,7935
2251,7863
4323,4755
1037,6614
1403,3642
2585,8366
6380,8342
7985,5302
3977,6876
6983,8382
3323,7298
1159,4359
7030,3785
927,6925
9712,5022
7368,1331
7110,6193
9390,2027
8095,8160
7149,5872
3014,4653
5427,3092
4971,2195
7317,6595
3494,7033
22,4054
8966,1584
3183,4922
8781,6390
6588,4106
7431,5764
7907,9866
5828,1478
4653,7661
5417,8146
7642,1214
2446,7394
5151,504
2814,5172
4741,7473
937,2655
430,1536
3783,6987
8805,8352
8847,875
885,5231
1701,3685
6656,9084
8125,7996
707,9833
5473,9454
6748,5238
217,8020
8713,415
7555,5053
1405,9590
9906,9791
8787,1867
9891,729
8812,3317
2565,9065
7771,7927
1964,2481
3212,390
8617,1494
2163,2388
1250,719
8670,6309
7743,8668
7942,4846
5185,2002
3528,2005
2172,1638
5997,9575
1942,912
3085,1467
3841,6729
9828,4705
9449,6623
8440,8692
7997,422
2650,4688
1492,6679
6455,5052
5145,2264
5543,5486
3553,7779
9123,3625
3657,6668
3793,2058
2056,8446
1957,389
2219,275
2953,7545
2553,7104
785,9017
7971,6244
1683,8579
1510,3695
7701,4908
6210,5538
292,4455
6871,3822
9583,6007
3415,669
4703,455
7868,5537
2423,3765
4032,8579
5578,7916
183,5226
9878,3209
7508,7064
3894,839
3578,8880
5565,3385
5133,8134
4593,8519
5689,7854
9006,5630
4689,4256
9168,1349
5456,4397
5812,805
7179,3039
2872,6883
4819,9122
8836,2703
4872,1786
7261,8300
2665,2545
7401,2473
6075,3178
2575,6018
4636,2587
7317,1632
8973,7531
5361,3771
4632,3868
1674,5624
4584,3587
9818,75
5689,9382
7884,3524
9092,8669
7733,5203
4699,7480
4382,1117
4528,992
2434,8624
9931,5397
8383,9773
9988,8056
7531,9994
8790,7067
3928,8837
4812,3194
4655,89
7093,6343
2646,5218
3981,3319
9622,1869
3973,473
910,9021
7960,6122
5296,6100
353,100
9262,785
670,1663
1360,8385
1728,3705
1057,5849
3227,1565
7174,4529
1704,8649
2381,8769
6705,1092
9147,2367
3098,2833
1775,1421
8549,5366
168,4222
5829,2645
9562,4953
69,3042
3243,1413
2571,3716
9934,5226
7369,8430
7082,4724
6290,9142
9665,2769
8101,6489
8053,9174
9353,6669
2333,6285
2759,8036
38,3847
248,563
7619,7843
6488,9175
1464,2985
9228,7434
8800,5907
2577,3837
462,4692
5939,8510
8928,8563
6466,5075
1770,5465
3072,5560
2124,7854
6536,3980
5136,4212
2212,8209
2455,1965
7305,7140
733,5826
5140,8148
6619,6657
9682,227
5521,6465
2078,864
2916,9336
2817,1039
5185,6849
4321,3162
6902,8597
5957,3836
5176,1700
1074,2515
6591,9892
3960,9100
5663,345
3203,1502
7761,7885
8618,8258
3958,8602
3021,7082
5060,4649
7746,1883
8350,8578
2676,9711
4101,9380
7044,6762
2015,9605
3068,6698
3065,6525
7937,9481
6525,4343
4834,9438
4424,22
9503,879
9496,2435
1820,4382
556,3528
6215,3053
5780,7294
2332,8626
8085,192
9956,2840
197,2268
5976,1241
557,2832
7586,7186
4741,1250
8961,9595
6851,3191
6407,1465
934,5032
2359,3673
7673,4072
7190,8635
2165,7759
7601,6407
7467,7236
9872,4336
6839,3471
4168,9594
573,1972
8108,2950
8784,4605
5859,1717
1760,7735
1819,9892
7766,7147
2439,2348
2662,2692
1504,8747
5979,8152
1856,2923
1130,4868
411,1033
2644,7030
1894,3016
3015,1477
3459,1221
9521,4299
9840,4120
5648,656
9491,8358
4919,4950
4321,1029
1371,959
5349,7317
7346,2501
1184,5779
5241,5791
6685,2571
6861,3800
5859,419
3524,7842
7100,9063
1649,9348
9230,4416
7659,8603
7969,848
7905,7825
3054,6056
2013,994
3356,3325
5179,2262
411,3210
4641,9908
4396,8388
7682,7664
6357,6289
5980,4716
8977,9277
9197,5379
1378,5213
3509,1854
7914,3116
331,5325
3630,2672
9238,6316
9474,6731
9358,8770
3822,2914
2797,4655
5353,4064
2271,63
622,8991
4605,4869
5664,3594
6797,19
8790,7293
7919,1919
9020,2283
1527,3739
6999,6921
1814,1222
4986,324
3266,5127
8269,1870
731,4799
5498,9114
872,2454
5033,8231
5545,2233
562,5967
1810,1916
2419,2083
2965,9053
2089,991
7116,7209
6771,6367
3483,4267
1374,4894
6253,7097
5283,4252
6652,760
5032,84
1899,534
8166,6437
3743,1248
2353,5136
7908,5202
2298,6219
2227,6329
1501,2534
484,601
4303,9510
938,9487
33,6002
4800,8245
6940,1392
5666,3946
8609,3445
4358,2078
2985,373
3592,9526
3516,4077
3805,7896
4813,9710
8978,1765
7435,3785
2604,4002
7398,4838
7146,9552
5753,9755
6065,3590
3973,4463
8021,8465
357,1131
8011,6549
6368,5292
3821,2111
4151,8422
5620,7614
3780,5115
5554,8086
8490,4777
868,1900
2784,9928
711,5013
9500,9898
2572,2901
5187,6760
6352,919
8408,8822
8415,2626
993,701
6434,3692
968,971
6829,418
5745,8174
8948,7003
8383,408
4922,2918
7119,181
2736,6063
3599,9588
1148,5732
483,7605
1459,113
6675,7950
5400,2127
8381,7595
8231,9161
797,4893
4009,223
2591,1594
12,7906
6556,2028
5033,6681
384,7624
4332,6855
8373,9092
7617,8262
5204,477
6802,5626
763,1819
8860,461
8036,3755
4513,2908
5738,2227
2041,4569
7296,298
6440,6755
5027,1435
7160,7706
1055,4716
4864,7730
7146,3562
6805,2166
1305,6001
6414,1974
9764,5166
6329,1619
1559,8371
1050,8923
663,4016
5680,7717
9156,7673
5042,4766
3468,4482
9776,4267
2872,8241
9483,9222
3506,1054
7239,1775
3092,8059
9089,4106
4601,8106
6296,6171
8548,2570
3349,4225
3745,7113
4610,2277
3234,5430
8886,8392
8364,9517
9552,1052
6319,3094
9031,6909
3407,9832
8997,7558
3314,9101
1392,9261
9849,8930
553,8103
9030,7111
138,1453
1983,1541
556,3833
7129,3396
3725,2612
2844,9764
8499,6499
3094,6645
6522,6184
95,4533
4871,7119
578,2105
3978,5845
6685,4522
5828,6044
5045,4613
7410,3198
6020,8840
6800,9493
872,6147
1448,9841
1393,9465
7026,4212
5270,5458
5190,4332
8990,5172
3908,1156
2236,7113
6456,837
395,4225
5803,5484
8470,4632
7457,8442
8590,3124
1903,9448
2793,5254
8506,2141
1994,3939
4929,9070
2847,2865
3115,4696
5387,4700
3644,3677
7790,2266
6636,4500
105,4573
767,1853
5529,6812
124,1823
8730,6655
2609,5977
4478,5140
3509,3369
981,5581
1534,6028
8452,5090
3446,9514
249,9688
4727,8276
2383,6186
9694,7634
3048,9913
5790,8123
9218,4417
4172,6378
6681,283
6341,8690
324,6421
3052,606
3188,537
2982,9309
119,4191
3937,235
2848,655
5310,4333
1599,9169
8191,758
7836,2523
3280,4343
3516,3796
3288,4495
1806,1639
7480,2621
1596,4216
9147,7382
2342,8076
1612,5652
5842,347
8555,838
3929,3068
6746,7925
6345,8953
929,7200
7650,4028
1629,1709
1199,694
4368,9114
702,1720
6486,8246
8880,9632
2432,504
284,9267
2780,9819
9731,6651
9473,1050
5738,9358
2589,5095
8249,5597
3745,1047
284,6875
8238,712
2353,6312
2619,2852
2356,1099
9552,7863
3072,9166
3768,4659
8598,8369
7011,6315
2875,4608
1151,1511
1491,4835
1842,3064
3780,7408
5901,6867
3799,3290
3227,588
7572,4241
1367,4418
7813,8339
6502,6857
2611,9727
9439,9237
133,9492
3899,7189
8275,487
8023,703
338,8951
5794,2742
4283,7049
563,3484
5477,1078
5088,5009
8626,7150
1628,7278
4222,9902
3830,2695
3839,6179
130,8621
8640,9981
2717,7907
7232,511
3484,5186
3133,2897
9112,7006
7449,1151
8743,9245
5334,1488
6236,3384
1353,1392
1295,2074
8221,1183
7049,6640
9775,4220
9220,3336
5827,172
1242,2547
9518,2577
1125,1890
8303,5789
2075,6758
8749,5213
534,4575
6456,1477
8037,5465
7407,789
3787,1596
6140,2567
4667,5071
4166,3619
3743,6023
8993,6922
8050,7362
9616,6529
8340,5296
109,421
580,586
9986,1492
3070,5232
6350,2658
7910,4495
3604,7838
8475,8130
592,4159
8528,9490
6119,1391
1151,8271
2562,1045
9509,7967
4576,2047
18,4810
4348,1142
6223,1431
1033,7303
2822,7174
8371,5713
1585,435
7976,9188
859,3641
1157,6907
9788,5850
1372,1817
3355,8758
1537,6095
8372,8145
7947,3209
8149,1614
3992,8847
9533,5182
2231,5222
6478,5345
2293,2568
6359,5260
2356,4245
9919,4222
7132,4272
487,8256
9536,3152
2241,4688
8591,9175
6768,6873
707,9310
1206,5441
8745,1608
58,5490
5359,5070
4027,6253
4661,2968
573,6955
1361,3717
7374,8728
4652,9497
5066,9821
1225,7943
6501,3174
7668,2017
7569,8049
8286,3422
9458,7573
8066,2447
680,4049
3105,4267
7162,3662
7210,2036
8419,2357
8497,6676
3030,9524
7769,9891
6100,7607
7911,9754
8063,7282
2307,280
150,1675
2709,6145
7100,3772
8108,9195
7693,5425
3881,3210
982,2397
1835,7919
4490,6531
3758,5417
7732,1445
9571,247
7331,707
8433,3782
9839,5256
476,3680
9915,4507
7014,9540
5420,3440
1044,420
2957,1174
5920,8236
3169,9294
5776,8269
6892,2068
4839,9908
5632,4528
5096,9755
3575,6427
387,8199
1704,8732
888,5143
8197,6475
6166,7036
8483,4378
8023,2667
1538,3900
4849,8228
7536,668
9042,7591
2263,6005
3931,4634
5143,8983
6461,8024
9291,9895
2497,7226
9163,5483
5536,2945
7789,9011
8082,9220
2274,2420
8320,2379
6304,4915
5948,9897
6425,2345
2842,1564
6111,9897
1862,4754
9210,7457
9774,9229
782,698
6449,327
4556,9799
2927,4317
9933,4555
8710,2343
5008,1269
6147,5617
2027,5377
8795,1302
7192,4534
6229,8695
1827,7803
1374,1410
9949,8464
3178,9678
5713,5899
6198,6670
962,5233
8616,2043
1531,9039
7499,5967
8741,3972
2591,2743
7840,2099
5519,2980
3210,6609
5611,6795
4726,7135
3402,5561
9084,2502
8852,251
2206,6041
4874,6770
7562,7432
7217,8994
1676,3388
6645,5470
9974,7535
9006,6589
243,1147
6843,1616
8970,3215
6013,8945
6132,5261
3577,3908
7342,8258
5054,5519
2527,779
7774,6964
4448,5811
9852,6728
2706,6933
8566,1536
6969,9764
7124,9615
3115,2887
8491,6721
6174,6747
5198,2122
5724,2498
8215,6593
741,2858
7799,8800
2339,2893
9437,4886
5387,9617
5238,172
2734,8748
8513,6967
6349,4358
915,5922
1017,495
5673,3677
7739,4684
3856,2085
5014,1650
2959,6490
1227,4089
2305,7419
9913,840
9546,6108
18,9607
3762,8230
9487,7374
6215,6638
5024,6059
1918,98
8902,2864
5202,7041
7900,843
3263,1704
3678,990
923,2911
2321,2341
4356,387
7395,2150
6933,6388
4291,4411
5483,5069
4510,3091
492,4005
9256,9733
8484,9547
25,8030
8133,7269
3455,7473
3316,1520
8901,6728
3195,6132
3163,8050
6823,5208
8011,742
9173,1061
1138,1132
5432,9504
6544,9634
2109,6433
6893,9524
6036,6094
8897,2069
3563,4180
9542,2046
3724,7790
2461,5687
4804,928
8924,2883
6107,8461
7183,8329
4889,8377
2909,8182
7167,3980
6052,5219
9029,8940
1056,4093
9387,2163
263,390
2661,7075
7043,1370
4210,9797
7305,4532
3853,8203
2843,9166
6191,2774
9876,8659
1362,6744
8352,486
1752,7329
5969,588
3720,1381
518,5157
2541,1623
980,467
6308,795
216,8816
7080,3284
2646,6454
3952,6195
341,6004
6635,4644
3728,3980
2972,1895
275,6940
91,6837
1155,4193
8251,7558
5849,3487
2700,4408
76,2354
1597,9245
8403,9368
955,1005
6985,9008
4417,569
6892,2556
8469,6471
3016,2689
3584,4143
2379,6689
9904,9777
5149,3596
2523,2884
3342,80
5293,8766
9541,3892
5471,7284
5497,1317
7665,6145
5834,6189
7008,7336
5527,454
1870,9154
7613,7319
843,2319
5378,7665
6051,6690
5920,1294
5979,8868
3622,757
9684,1871
862,2609
3985,6562
278,376
5195,1497
8429,1652
6910,3843
6252,7695
6066,5670
3277,5878
7934,251
7985,5321
6299,7089
781,5965
4306,464
5875,5642
9424,2689
7186,5842
8414,5418
5576,7998
2434,7487
2985,5085
543,8011
1542,7069
7475,7659
8603,6776
8341,4243
2876,3322
4240,6113
7073,5966
2365,7805
4601,3160
9654,7509
7401,789
506,547
7206,2395
2126,9977
8185,2678
850,7784
2682,6349
7140,5933
4080,2768
3457,6319
6144,4452
2760,9002
2286,9056
3974,4310
2784,270
3666,3120
8296,2490
6759,9216
2831,1043
4833,9360
5663,1329
9408,8835
2189,6258
1797,7526
7821,1724
8878,5249
9571,9428
2802,8682
2913,4665
3602,4877
6791,6936
919,4039
6491,6638
8582,8928
1676,8607
4056,518
7645,6652
9259,7087
7076,8825
9617,8037
448,3193
4631,4408
9920,5367
4530,2533
1655,6686
320,9075
8765,8196
2064,9522
590,7865
4725,873
8763,659
4810,7312
978,4430
4574,2720
6036,7333
961,7768
7151,7176
3005,3097
3207,8133
1932,3071
2566,5589
5020,1175
462,5866
3263,3269
7427,6103
2842,5439
8628,7167
2275,1442
8764,1058
9153,3324
1787,1763
286,1295
3790,2219
1393,2262
5698,2959
5219,7001
1031,6452
4214,1964
8402,8927
3992,5654
3137,9787
4676,1492
4939,2824
381,9104
3768,1169
6864,9892
7345,7210
9814,833
182,41
583,8272
9095,329
2048,71
5994,1992
337,7087
7712,5981
6582,4816
8330,3594
5777,679
4990,2839
2913,8470
8374,4536
9854,8434
9887,9926
5440,1657
379,8394
5608,3248
4604,8758
3600,8428
3783,3678
3230,996
3267,6113
3562,3817
228,1964
995,8237
2239,186
2103,5259
8450,9077
5734,1209
5031,9595
1172,1619
3924,453
1257,232
4444,8515
1351,2230
9869,3523
294,2545
9244,7501
6746,3421
5,8225
6973,5287
2948,2325
3270,1299
8372,6375
1181,6802
863,8445
2271,9190
4917,9225
7706,2444
5747,7939
3304,6864
6541,433
7818,780
9477,7955
869,1719
7083,4101
97,5200
2729,8603
179,5478
1049,6834
9905,9810
8057,2758
3688,193
968,8167
9717,9823
2689,6878
4143,4246
6356,2923
5290,8058
8398,7241
5462,4287
8902,5918
2833,1729
2876,9276
6454,4461
6648,286
8384,8606
5427,2604
5050,7400
2399,4973
7330,9673
3470,8972
544,650
6896,8544
7944,9849
8172,8373
4782,886
4944,1972
8759,9057
2290,618
4470,5798
6604,3293
6000,9964
3451,9648
947,9875
1057,5894
8475,1056
126,8338
1478,309
6982,9672
7393,1859
3469,7172
8151,5937
5417,3643
1359,6554
7819,4087
7853,2953
1734,6212
8311,3125
5668,5338
2065,1950
2894,7516
3644,6817
7213,776
3673,2803
8815,9548
7254,8446
8615,1875
6195,2594
8801,3077
752,5754
2638,2656
3903,8398
2408,1270
3642,5336
2641,7965
2715,8728
6636,6933
3275,5827
5771,1539
9624,5721
1267,7616
6072,7265
7271,1288
6108,6771
8084,1374
1715,9867
5204,7687
8551,1878
8196,1785
7437,6542
1078,9307
7338,9828
4346,2905
436,2075
1848,63
8890,1896
8032,1087
1721,6006
5286,9187
9888,744
9390,7652
9638,6306
2725,6485
2023,2136
4191,3167
7470,1228
5007,4743
6345,4268
8873,1878
2195,9082
4621,6663
4097,846
8290,8758
3880,7817
2841,4306
3449,9941
3895,783
2397,2044
97,1475
6257,8696
6813,6441
9266,6186
3970,233
9863,3601
7502,382
4919,8210
3381,7270
3179,9380
9777,9170
5039,4483
4366,9817
2244,3332
771,3378
6619,898
7383,5465
4097,1130
1671,2473
9930,4056
3284,3042
1103,6178
1991,7190
4729,4459
892,9045
7980,9360
4389,8588
5272,8015
8543,8390
4522,3283
4787,586
8787,6597
2750,8805
1029,4081
4440,9506
7883,6323
240,9622
5183,1818
4247,2640
5420,6949
6979,1886
956,7372
776,2248
9567,4599
5290,9988
1880,4099
6795,1943
4265,2666
2102,1273
9286,7602
9190,608
6678,7769
6971,7745
6496,8704
6201,7730
743,1769
3586,2969
6097,3418
8108,3249
5676,3715
9310,6316
7756,1110
9187,4010
6566,4578
2783,1545
3899,7563
7567,8754
7670,1173
2489,2840
5850,952
3473,9285
4647,6010
366,8252
3618,2593
8205,9032
4815,8247
611,2903
9667,4147
975,1446
6679,4102
5056,298
3576,3832
1121,2882
3829,232
33,5349
3209,3524
4035,8420
6177,1697
1735,1620
4269,3916
990,2567
449,5449
7286,496
2929,8310
5118,3201
8339,2984
2272,627
8129,9312
2030,7282
5634,5166
640,4146
5305,9185
7401,1564
3703,7964
2005,5332
3101,2936
3706,4865
4225,4590
8493,56
9212,1284
4970,7415
5514,1768
5269,5896
5044,8105
4812,5197
6745,5187
4170,4513
9136,5236
8829,9088
9989,8529
2277,3466
398,1495
4822,8443
9207,1919
9693,5998
6251,5511
2681,4395
3664,390
83,4617
9071,1317
8882,8977
8812,1493
3042,15
2506,1735
5136,4614
9028,9560
6496,5901
1286,3706
1408,5073
5660,6925
4867,2723
3796,6106
3207,6437
3234,6084
8803,8168
2329,9248
5052,7991
9292,1725
5578,8937
3690,4367
119,9502
7260,2846
3284,6377
5734,6649
2579,3416
8446,4540
7450,789
5316,1186
5146,23
2296,4126
8046,2570
5273,6094
5318,4158
1354,4665
8029,2158
2721,6656
224,9084
5185,7205
749,1864
6939,1881
9637,2286
9414,8
3922,7438
6712,3639
1222,7033
3887,502
2753,1758
39,6752
2267,2797
9536,9920
3763,213
8300,4087
9820,1915
8739,871
6007,5240
9336,588
5519,6761
6803,7549
3979,2145
8648,4210
8050,7257
1122,6052
1116,2742
1716,5544
1488,8141
5025,6767
4083,6387
9851,9227
9458,7553
579,1835
4928,6814
3889,1421
3395,4525
4239,4614
7667,3317
4805,1434
1214,7749
7293,1440
5906,4411
2767,851
7137,2803
7783,2310
1392,9776
7344,7388
4241,563
2713,3776
1493,535
569,9021
5355,7508
3225,9170
2607,6750
5120,719
5827,2419
4816,675
2331,696
8917,3836
4805,7313
3978,5549
172,1166
598,2210
5174,6311
9316,9931
9547,2287
9195,7387
9461,3462
1977,2558
2240,8477
8971,7046
7290,8170
4279,548
6901,5990
9270,625
1082,9560
6730,3998
4622,232
938,2865
7961,7585
5496,411
611,3645
4502,7181
1202,2837
4527,788
9033,473
9036,2210
7533,9392
1838,4306
2821,4927
4645,9948
7970,1869
7,2989
4693,4187
4500,7944
9607,4071
2448,1766
7643,468
4704,8942
6557,204
4805,322
4104,9649
7547,9210
5486,7950
5332,8018
708,3646
9864,2859
9669,152
5045,7516
8201,9910
5734,4200
2755,4826
1280,1076
6997,6658
4541,6997
4053,8808
1262,129
2900,8628
2927,5487
7925,926
4154,4395
3676,9421
8853,8230
2067,7433
9340,0
2709,3214
3627,3057
1354,3602
1857,5813
5257,3830
6154,8221
4915,1544
1882,3932
6202,3059
187,5471
1020,1207
1366,3923
6661,3148
5072,5687
5391,534
4138,8451
250,4038
5687,107
242,3933
9245,4708
753,7530
4449,106
9266,4282
8655,576
2577,9917
1417,6593
3337,2302
8489,6389
6893,213
8782,9734
2285,7923
3421,529
2597,3881
2762,3945
5560,8146
8406,8998
1300,4454
4880,9667
8748,5598
4585,7044
3219,1750
2487,7824
8466,5703
4685,3539
8305,671
6398,6221
2011,6078
8646,4783
8600,4839
3794,731
8511,7218
8949,4664
4485,36
6520,1351
4419,724
6935,3121
101,4671
3083,611
5856,2785
5106,8605
9538,9183
6978,5079
75,4879
9092,7494
3140,6873
8956,9180
8075,8875
2433,6934
338,3520
4602,9038
4586,4667
9768,5967
5437,8756
9706,2346
5613,317
680,7746
4811,1817
1585,29
6412,442
9536,8054
8947,5013
8401,3131
8147,8979
4052,660
383,6627
8059,1935
5182,297
5659,9073
5819,4342
5246,1138
9330,1587
5686,6787
7008,7218
5465,1311
3330,4797
3832,8891
9234,9392
5087,526
1181,83
5004,5119
2310,9703
4369,2892
7133,7791
2698,8682
6300,2116
5849,676
5951,3301
7857,8210
1768,5708
2018,9702
5234,1670
3655,9309
2123,7676
1843,8607
3323,6219
20,5489
6406,2841
6174,1990
7343,3643
4967,2146
236,5275
306,2381
5853,7023
8717,5888
273,9234
8224,315
562,7219
7168,3876
4526,29
2801,3342
2217,8666
8836,5783
4384,3115
6274,2842
986,5625
2621,4327
8279,9288
9705,8421
227,5297
3998,80
9497,8467
1359,9861
900,5515
1293,1496
4563,9999
9851,5098
1205,7667
5537,9264
2131,5702
6557,4666
6346,4601
2214,3187
1752,8059
8514,2019
2712,9086
4286,5556
7132,6124
3059,6901
1224,8979
9001,1182
8055,94
3763,9604
3754,5129
4802,3832
8371,5718
7462,4109
3109,1762
3390,1281
7348,2006
1615,4323
6622,7436
8200,4875
2617,2853
7410,9112
7321,5998
2353,4194
8946,8684
3568,8683
8584,5713
1429,3827
2641,1509
3819,7469
1336,5687
3371,6721
812,1447
7389,5312
4410,3067
7957,6382
4993,8547
9622,9221
5423,3229
4394,8285
4875,9712
4906,4924
3161,9693
9474,1106
273,2176
5548,998
9010,9128
1333,8665
8704,9761
1817,983
9221,3427
6103,5481
8224,9444
4131,7359
1459,5352
6213,9379
2363,1294
2337,3954
2210,6661
9786,2538
5601,1939
7966,4344
8079,5116
585,7976
7782,2925
7886,9185
6511,2275
308,2001
903,1468
5730,5925
6551,9228
9900,7807
9311,2522
8455,8488
6453,2079
8529,3548
8932,118
9400,8544
3992,6548
344,8876
3541,5596
5992,7404
198,3199
7467,1336
2355,6402
5514,8687
3493,7961
8833,9535
7108,7276
1265,9985
2341,4673
573,5907
676,3054
5957,1472
5300,8891
8049,3897
1277,7883
3957,4320
8605,2591
5275,6568
7715,5362
7702,3199
3006,2587
9267,5465
3286,564
9474,1005
945,990
6313,3448
26,4379
379,8136
8402,1768
7451,4930
1396,810
5902,9563
1678,6999
1254,5448
5871,8363
3435,2055
6079,3684
1683,2207
3008,8352
9541,1643
771,5404
8745,7997
2156,8021
4801,9208
6391,9058
1857,5710
4023,6016
719,6658
4777,8567
6011,9154
5331,9814
3292,8537
3128,594
3157,8773
2956,3433
7124,184
5719,7286
8309,9704
3503,1712
4067,5776
5493,6007
4519,401
3538,6292
8332,3107
210,3779
9040,1874
8618,3905
3536,1096
7894,576
6547,9332
4053,476
302,6771
990,92
2868,7597
671,5977
9731,4491
206,4568
340,6553
5645,1428
2016,9628
7784,284
3670,7557
7818,1339
7559,81
4905,2325
1475,529
2574,2228
7458,7753
1188,72
556,3446
9876,581
279,3247
2214,4668
2886,6901
3295,5994
5574,9464
8494,8398
2103,3969
7604,3493
3222,3291
6285,4827
9990,557
7339,8694
8818,889
684,124
2375,169
6752,3818
683,778
6146,6150
3777,8493
9456,1335
9514,4710
5071,8233
7436,6371
5865,1454
2429,9170
4003,5182
7534,7378
4509,2883
497,6937
1575,4347
6581,2762
1035,3566
2771,5434
5854,7437
2773,5251
5782,6267
5596,8390
9997,1224
2534,642
7792,4649
5244,4514
9589,387
9384,1651
1705,9233
4649,3149
6350,4513
1739,3480
2688,7364
4932,8148
8341,7319
4865,5708
6480,7391
2562,6774
643,4622
6686,1722
8358,8946
3781,9822
6854,7310
2692,197
9729,1337
736,716
5700,1545
8037,1698
8567,9452
4801,5666
3887,4533
3442,1733
4051,9177
6983,4227
8373,7640
7240,134
2570,8671
4469,6993
995,926
8312,9831
3598,4223
4293,5497
252,6761
7568,5080
3787,5157
9110,925
1664,5865
6141,3802
6697,9642
681,4767
1226,9490
2248,1652
6858,4565
8709,1143
4223,3994
8223,2523
2277,7010
9754,4839
7156,3799
412,8369
2542,7945
8688,5338
9400,2341
1392,3725
4360,5223
7886,2912
6549,3977
5661,8590
2246,4873
6215,467
8572,2834
2739,4469
3398,9329
7811,9852
586,34
9697,9170
2541,5172
7380,98
4988,3642
3828,9603
8601,3686
2193,5841
5837,9711
1650,6385
838,4523
7064,8036
6602,3455
3326,6475
4222,9986
1172,2688
9559,8953
8133,7049
4300,535
2597,7242
3243,3052
8510,1486
3258,5440
4344,8089
596,7452
5797,444
1131,3921
5034,8135
1432,9487
1954,3652
7899,765
9158,7124
2890,8494
1374,3928
6495,5518
8995,6482
3809,7117
1872,8177
9230,1239
1167,7262
2876,1717
5130,7487
5264,8274
2107,9136
74,6629
3617,5636
5665,6788
2057,8455
7946,8198
3649,2113
6170,753
4561,8279
6070,2592
7952,9338
1915,4251
454,9339
5439,5196
9909,1459
5106,1927
9662,1983
6373,5179
4596,5822
23,6319
6203,5618
8983,8001
2652,2839
6876,4244
8773,819
3358,4860
9177,1693
622,6072
5123,7150
2294,2820
1820,6124
8124,7839
9744,6303
5886,9576
4680,3288
6313,3110
5856,4004
6038,6627
9158,9986
6558,9491
197,6169
8186,1196
8918,8673
1992,4952
6554,2756
9949,9729
6078,5731
6399,692
3030,9959
2819,7379
8662,8632
3603,1140
4438,6666
5288,832
7481,4324
927,184
2354,7102
7063,6870
251,5217
787,5804
5062,3015
7933,1619
3455,2078
4631,5445
3633,2709
6451,9886
2857,9747
7791,809
2573,2199
4548,7493
151,9691
894,7557
3634,5552
8499,3646
4836,6826
2264,4584
4924,7957
4662,7052
3773,9944
1007,2738
3832,3601
7453,7279
3070,5048
5103,2136
7927,8574
4860,851
6670,9687
1466,7225
1142,9291
1664,8969
5834,5420
7861,5534
5475,4796
9831,2708
9621,5383
8140,6232
6732,8940
6146,1387
4342,4770
747,489
8329,9313
451,7219
516,2794
8729,7627
2933,9153
693,3220
7996,6708
2194,1716
8121,7712
3792,6298
4471,9160
2544,6005
8839,3989
4692,4058
6452,4519
708,393
8849,6713
8016,6990
2965,8288
5051,9319
2010,3404
7982,3065
7994,54
7976,3016
3446,8936
1033,6153
9158,4116
8800,1429
4096,8780
8254,5011
3665,8566
2714,4040
7839,3879
7604,4116
2708,4891
4827,3411
865,500
6937,9632
7871,139
9782,382
3455,8056
1716,5810
7073,6607
4114,113
3234,1675
4416,3429
2090,3233
4957,6788
458,3007
7738,729
918,8865
8154,5185
7787,3310
2652,7088
9535,9754
9278,6751
3901,8035
2988,677
9876,4023
3255,8764
8889,6541
8055,120
6175,2972
746,6283
8432,5729
6153,6782
541,2163
724,4982
8319,9558
3903,7435
212,7620
4982,960
3622,5906
2681,7246
9762,7462
4180,9837
7403,8175
1508,4198
9012,2206
4153,4262
1091,8328
5845,4043
1529,9171
8422,7502
9273,1588
5511,5392
320,881
4258,5623
7779,9396
3863,7900
3332,5088
1285,5776
9641,9468
2075,1991
8819,1246
4822,9525
224,9306
561,1588
588,1926
3521,1331
4937,8816
2020,6272
4157,1525
8786,8566
7806,4705
6368,9363
944,2804
6420,4739
9562,4674
3726,9901
5709,918
7303,4664
8347,751
2861,3490
7947,7154
6680,6376
5568,1942
7157,8550
5454,1801
1464,6850
9587,6973
9198,9975
5487,8850
8591,5769
1798,7361
4277,5447
2479,466
2787,4265
6762,2840
9460,3385
6198,4737
2974,4469
4824,9864
3799,8052
6849,1414
2181,841
2159,2981
7443,892
971,4622
58,9274
9163,3666
6495,6592
5688,9569
8596,3323
786,1344
5116,2624
7810,1813
8043,1126
8403,9131
1591,7135
8512,182
6897,6836
7583,9775
3600,5839
1623,5119
2504,2060
9443,7004
1126,5719
5065,5780
1448,1454
4255,3680
6755,6371
4139,6948
1514,6443
2718,7469
772,8421
7463,9526
5081,8361
5659,9053
4502,1236
2148,995
659,6878
5072,2116
918,19
2416,9626
8191,3298
6586,5799
443,8388
4480,6683
8384,7932
5841,2303
7158,2742
3889,5887
2342,348
3631,3954
2624,1164
9302,6999
2477,1918
3459,1928
7640,3013
6141,505
4905,9815
7762,9772
263,6804
6609,9721
119,3582
7404,602
4133,1640
8153,1627
7880,9041
444,7286
4093,3196
5987,3110
4910,9137
3428,5115
9804,4634
5804,4855
1322,1463
2926,8990
4060,3375
9535,542
6667,7148
6464,7246
9327,2703
3425,4896
8782,4470
2455,1072
2159,5823
4221,3132
242,9589
4478,6982
9077,2442
3116,4837
99,2558
3516,8367
6488,788
3415,362
2789,3369
8028,1776
9367,9752
8220,8053
1024,7608
8603,5104
5195,9204
3075,1667
484,6209
2440,5950
9838,2779
7294,5254
307,1538
3708,7841
5194,5611
8168,5364
4510,23
2146,2014
411,4487
7805,6944
9471,7911
6740,9253
5852,8297
6551,3947
6924,4691
900,4428
6048,8444
4943,6097
3923,3778
939,3043
1266,4679
2761,7955
1481,4228
7358,657
1351,5445
4127,9011
2404,6627
8339,6939
7693,5282
9394,5121
8528,1815
1471,8531
2360,2770
808,2534
7030,6790
8806,2496
8798,4190
8595,8249
4342,6949
9933,1189
5738,2720
5202,9015
5365,9422
3289,2372
32,7320
1254,2686
3346,7551
1983,5419
7140,4854
9520,1607
9996,8253
3742,114
3324,9486
334,6993
5842,2537
8255,4336
2369,9999
5678,2235
303,4753
7379,8942
3486,8206
3888,8097
1212,1368
1372,3011
7561,4694
9851,2839
9124,1834
5157,3649
8793,4601
2985,7062
7748,4321
3590,1662
8901,203
2829,959
9427,4811
6915,3532
203,3197
6719,8267
5918,6367
4639,556
4173,7031
9408,8007
227,144
9638,9027
1828,6818
4262,6393
6125,2275
5702,8643
1672,605
2654,2764
6033,49
71,9841
7263,6372
3555,3017
7606,6812
5584,504
8627,7269
5355,2368
7205,3333
480,330
9635,9904
9964,1151
2397,8330
2395,266
6700,1551
2190,1297
9738,8732
2124,6537
9059,6057
3862,4294
3560,8089
3145,2299
5758,9620
4776,6430
9299,5106
507,1072
8721,4511
5430,835
9542,5411
9894,6404
2266,8173
2214,728
7324,9475
2020,6583
6380,8969
9004,820
4608,8420
5218,7487
7166,558
492,6713
7675,6252
9906,2774
4024,9430
1377,4975
9459,1673
4695,8342
9155,6513
8333,1609
7194,8322
8235,9230
4191,3792
7062,2862
5893,5726
2844,5667
1615,5585
339,2754
681,7751
888,6408
1808,273
4733,7465
7642,3858
7336,9686
2776,474
6758,6381
7289,6366
563,9659
1788,234
7238,8122
9439,4891
3248,2820
448,6990
7294,4179
4118,884
6303,9279
5692,7665
1403,4350
9304,736
80,3822
772,231
4168,4639
3081,6212
9839,9430
9501,464
2034,9103
4621,6924
2951,8345
2760,9229
605,5084
5576,3910
2604,1538
9401,2848
4329,6301
8199,9718
550,356
7622,9807
3332,2638
1194,6833
6021,2120
5609,2005
2760,2398
5031,8527
821,8768
4812,3144
1599,7424
2705,627
303,1
1571,8485
3182,1016
1219,284
4170,9189
1778,3175
655,701
6621,1865
4222,8409
595,7325
155,5130
5108,7888
2557,3696
4591,2124
6668,615
3400,1192
8789,8644
4333,9040
3961,4632
293,8453
7950,7877
8730,3838
4885,8882
4489,2786
6645,3684
1908,2430
8054,81
222,6550
2668,8161
8449,7389
6303,2318
7757,7777
2928,8280
2280,5261
8065,2269
6819,3734
9556,9093
7374,9394
3425,535
7297,2282
604,6690
2815,1372
6477,2290
1929,5346
5732,7479
5057,4918
8074,5420
7340,8149
1896,5364
6593,1499
8822,4051
4184,5756
9084,3230
5851,3407
891,3359
2667,339
6477,8817
6874,5148
5900,7572
5291,2897
8665,8512
1424,7205
9679,2967
7292,4399
6538,8891
3071,2796
1020,3510
3125,1231
7210,6003
6374,9536
6344,3727
8731,1323
8781,901
4626,8675
4977,1720
5194,4932
7388,6397
849,7721
9759,6855
8218,2530
3270,1819
5036,6974
6816,7148
9479,6260
1424,7658
5981,2154
8459,2813
5128,9749
4756,8529
5914,4608
4327,9187
7681,5085
7231,402
7245,206
7407,428
3054,2875
7614,592
139,8650
1113,2052
1529,1147
6495,6902
7376,2485
6916,4935
71,2433
4980,5117
7653,3857
8891,7826
2722,7604
9608,7125
4632,5287
532,9961
3431,7070
8851,5940
6637,3942
1172,2238
5155,3786
8698,3494
9213,5539
5262,6893
7048,3664
7168,5087
8295,7556
7710,8027
7401,2614
270,1738
857,7005
5359,6794
5912,4471
6480,5317
3588,7091
2446,887
6410,9088
6426,6625
779,1767
2146,4626
5416,1342
2808,3245
4531,5732
5812,7614
7297,8971
6282,6870
7843,6190
5561,5413
9594,2200
9959,3868
2663,4251
9721,1292
4349,4517
9976,595
8294,8168
4027,1168
942,8302
788,6108
8992,2819
1853,7602
3970,5062
5352,9235
6842,8847
2844,528
7114,9732
229,3017
8198,1646
4492,2641
4236,8455
1219,6571
8040,8403
9489,5152
8577,6775
7888,520
5858,165
4924,8629
6829,9371
9583,7143
3473,9220
9304,8220
8091,6303
3471,9742
1304,3052
1962,2346
6678,7101
2469,8116
7582,8356
6401,3843
2208,1544
1945,9121
7493,8326
4950,5784
9516,8185
6184,3891
9422,7093
939,407
9221,6124
1224,1006
5459,9196
1026,8595
7439,9314
620,1714
2759,7171
8244,3785
2353,9484
6493,6823
4363,3406
9810,8436
2544,8458
1218,5261
2248,7020
5693,2296
4632,9642
2461,7035
7234,1371
648,5138
1804,5965
5080,6760
584,6675
6501,6466
3773,5339
4548,5812
7354,9666
6051,1975
4779,6466
7096,4779
7560,8851
4508,1002
1829,6126
5557,6205
7427,7773
310,8461
8260,8017
5307,9167
2244,395
7123,3261
6693,946
6021,3709
2006,9409
7689,4566
1448,8657
8765,6891
6337,2342
145,4699
6816,7704
6515,5252
5167,5113
6554,424
8376,2647
7811,2575
5530,9293
9243,5104
9341,8256
4572,9968
826,8339
8317,9045
3155,2607
9060,5455
8359,8461
4992,2154
197,1483
2779,7077
7824,7567
8490,341
2483,8088
4920,2891
1686,3569
3640,9272
5940,5775
4562,5721
6453,4391
6978,3064
5742,7735
3824,3381
1366,5061
9588,1422
7068,5286
1147,6805
650,3165
194,8706
3423,6518
3015,9346
1689,4218
4829,7671
3866,7745
684,493
6113,4771
6273,4671
1155,9929
784,46
7401,3275
4734,7843
3271,375
3138,6816
6833,4264
997,3888
9901,2145
2526,3486
6943,4385
4763,9785
4401,3508
7985,9426
4790,5090
7467,9372
8374,4275
8213,4162
8906,6420
1090,3650
3585,1050
2582,7877
6997,4107
1854,1850
5468,1941
9557,1164
6167,9388
456,7407
7737,1759
4268,8135
766,2106
2438,2344
2591,921
8121,9813
136,2843
3147,5515
5692,3672
683,7577
9102,9905
6885,9325
7109,5091
7110,1672
9943,8214
766,2678
8356,5773
7499,8108
6623,6700
176,8099
1523,5784
902,1771
8336,1293
9885,2615
968,5787
5155,1130
4856,928
8049,5198
6221,1293
1469,7128
4685,3087
3867,3586
4945,1942
7751,5401
1254,6921
7963,5007
9974,6274
9617,1242
5608,1304
1977,7254
7834,3329
4969,1360
7313,8523
9297,4780
7827,4810
52,6069
2401,811
3871,3844
393,2245
1987,956
5480,2352
6315,4046
5537,4311
7871,5483
8400,1497
8921,2470
1321,6037
1338,3191
1450,8962
7097,4726
9234,7378
1181,9449
3910,5417
5995,5929
5252,4325
1239,988
4053,7468
6954,9158
3152,2196
5773,9231
8767,7799
2693,3573
5803,3111
9697,864
3281,9313
730,7608
2318,6579
6689,8691
2447,2574
4107,7120
8036,7957
1396,8692
8824,907
511,8310
1577,92
3215,791
5689,3595
271,687
4725,4650
1450,5049
4602,3984
7595,5766
2818,4435
9397,5847
3177,9935
8975,5458
64,8045
7765,8479
5353,2385
1571,1861
866,8513
2593,9933
2190,5485
7286,1200
8090,6834
1036,7279
9803,1042
2580,4025
5691,3627
480,8264
4961,8936
1339,1165
8228,1559
6770,7208
8233,5505
8846,8374
6391,7032
4547,1813
2812,9902
8076,6465
6962,8584
2751,1846
1833,1
6287,3558
6397,3933
2493,9964
3721,4980
1091,6605
3371,215
8688,8745
8778,5270
9742,688
6000,6922
8533,4869
1489,6403
124,8097
3266,5996
7496,5304
1317,755
9173,5977
7176,608
9038,1553
3737,165
2352,626
9048,5720
3490,4425
9265,3365
6248,5427
498,7564
3169,9844
8112,8593
8713,5593
7982,6373
7920,2057
3452,738
7773,7505
1119,6512
1469,8217
5938,7619
2487,9292
7762,6161
957,2826
3861,1369
9025,5980
5904,308
5742,5796
6087,8190
3213,16
7863,8961
7012,2171
4818,7257
5003,5228
7203,5093
9514,3004
3045,4072
2727,5309
25,5536
8224,1631
9627,7719
4674,5401
7135,1514
7164,6687
1521,1329
4971,81
8395,382
4006,7423
8268,1874
8989,9419
6354,8999
3802,4673
9556,9429
1335,892
1987,8458
6191,2319
3913,4459
2313,4159
1040,5471
9326,9245
8013,9094
7903,2142
1760,5203
1286,3885
2820,1823
2450,1162
9271,4426
5561,2982
9653,9180
6236,5514
3713,1229
933,6954
8893,5601
8205,8585
3023,9746
352,8755
902,4587
2842,7194
5636,7371
9981,897
6541,8080
6609,5768
165,814
6854,8836
2115,5978
1556,2773
2515,546
1018,6713
3272,7707
2640,144
6526,126
4121,6638
4692,4537
9214,3637
1607,3554
3021,7336
7367,6152
6417,2864
6589,5204
7188,7267
8842,5128
3332,279
2618,6415
9528,4685
8979,3948
281,5120
9338,9635
3368,9464
1288,7140
150,3830
9525,9809
7981,9972
2605,7556
5998,9019
4870,8689
1745,8508
4683,9238
6981,9163
5551,7001
7393,2555
8554,8533
5491,8360
625,9018
8419,4372
7886,3361
4163,3447
9600,3073
3341,4526
978,9979
4343,3536
1936,6463
7855,8672
7658,3548
3929,7172
8759,4181
6330,4005
7237,7538
9748,3399
170,4540
309,8868
3520,5848
7804,6492
9369,905
2880,9084
8744,5681
9833,8937
8444,7517
5825,5275
3712,1516
5690,1104
4133,8073
9551,6327
8203,6098
1599,686
767,7542
7360,1921
3098,1003
1633,1759
9192,8986
9181,2382
7278,3193
9920,279
3371,9296
956,8846
7546,7529
1426,6073
5851,8737
711,5217
6792,625
4694,6780
400,4536
9674,6997
2264,5442
7201,2284
739,2544
9072,8474
121,490
4743,2711
1306,7388
8846,2906
3374,1250
2946,3308
4613,9024
8779,6994
3598,622
8038,6253
1095,156
7877,1775
1895,2361
8393,1349
3733,9092
1926,4684
8559,5768
4031,9729
2566,191
7845,7587
5291,185
2111,5586
6853,268
6505,6162
1935,2579
3257,6445
2942,6029
1151,6868
8036,9855
1633,5790
9198,5848
6944,1057
4199,2153
6564,9646
3267,3214
6374,6222
2958,1409
5680,2563
8212,3452
2684,1180
914,6410
7627,5207
1571,1707
5189,2000
6858,9431
6948,5365
7726,934
55,933
8719,2171
773,7691
6359,2663
2303,2341
7965,2906
1485,1284
9526,6734
2324,6158
2919,9664
1636,4732
7545,6940
8865,7965
752,781
303,2080
449,2495
600,2218
4438,6146
352,3570
6927,1901
419,8272
5821,4053
3123,1213
5202,6003
4128,2338
7757,8869
3413,9449
6762,8137
3569,2796
1593,4315
4663,8027
5596,2665
5762,5983
9597,7912
3937,4932
9543,2885
4111,8743
9402,9751
9206,5500
4916,7491
9127,1477
9054,8372
2580,5697
2789,2946
9095,6953
7294,6993
5266,213
9614,4065
7715,9272
7707,1506
9019,9553
9085,2917
2990,8262
5858,2121
5749,23
6603,2313
2009,5780
563,8757
1458,3017
9399,3347
8376,7046
7989,5638
2832,4429
9577,2225
9903,7686
7289,576
7482,2343
5190,4712
1206,1330
9603,8788
3109,3266
5223,8478
3914,6984
3641,3829
8162,8584
4748,8209
7981,8853
6289,4913
991,5309
155,2415
3872,7582
5680,5233
9968,3224
8598,7761
6583,7513
4143,4136
1451,8279
7139,7263
4370,7989
3550,4743
5168,1887
4696,9772
3153,1044
9614,1407
7023,18
6178,7278
1711,6666
7554,2989
9719,6592
1911,3005
7716,9345
7837,952
7533,5490
5658,1380
9311,1465
4773,6504
7041,5007
6676,4986
9391,7900
6601,235
5761,5423
2212,8883
6882,1256
2101,7153
9265,573
1175,678
2190,5091
6335,8006
7863,2191
3557,3983
4716,2877
3801,2114
7152,6375
9462,4299
4254,5191
7741,2342
319,9453
6364,6689
1734,7347
615,9001
7172,6508
9713,4193
2741,5428
6501,2608
7489,9357
9,4348
5248,7256
119,5071
8171,121
6736,9903
1400,8575
3336,802
4617,7805
308,8050
1266,484
2166,8787
1662,6340
4933,1220
9945,2819
6230,1268
4074,4058
6651,3043
4193,7427
7918,6266
9094,9995
1948,3303
4558,8101
9208,2427
9494,3780
7569,3557
320,2977
9163,6212
9978,9957
7401,9744
8528,5883
6525,2101
2226,5964
5887,2390
7320,2188
3552,5427
6049,9945
9705,8029
9702,9841
799,5918
8457,6983
5067,9240
6740,5319
7488,1595
2458,6115
9644,8345
211,7537
858,9639
650,1606
9428,9158
6680,2692
4014,7244
7774,644
2186,9508
107,8231
3670,7779
9187,3767
8335,5758
8250,8170
841,5433
6680,2243
451,6581
9102,7067
8,2470
6322,573
5820,9023
5087,9073
8712,6647
1041,2386
3760,5764
6381,6324
7276,5847
355,93
5378,1217
9612,9930
4252,5701
8752,9983
7837,3115
2222,3804
9585,3584
1492,2695
2520,5123
7585,6066
379,4166
6459,2841
3854,7155
2889,7055
237,4902
8222,1525
1259,7746
8902,7019
6115,3267
9780,7443
8565,3937
9673,115
1162,1089
7702,8242
6969,46
7336,4558
5491,7988
2332,6873
7733,453
8873,5641
9202,5585
206,5906
9967,4914
1116,6236
5089,8279
74,1525
5271,9422
708,620
5816,7023
3712,3720
7892,1614
158,3213
3014,5306
2938,1213
4751,6571
6252,7314
258,8621
4718,8305
1306,3406
7367,1180
905,8185
382,5871
9069,8231
2966,2875
9096,4682
2895,2843
7761,3183
5639,1698
2661,1456
546,8755
6665,2343
8590,9721
1496,2350
5506,6761
6471,2585
38,464
1408,7815
3027,9169
1888,6538
6542,5358
7329,7273
1794,6329
8707,4504
7679,9400
9039,1575
9687,5825
9894,1637
7830,2804
6264,185
3632,5982
9687,9084
1678,8131
3222,2170
8206,4191
2169,7616
3078,6926
6451,5873
892,1475
3135,8178
9755,8961
8817,5436
6245,9870
1366,8365
5707,7676
8348,5679
9371,4506
3945,4993
8749,3401
4328,1276
3139,722
3511,9984
2442,330
6755,3606
855,5972
6419,1277
3930,208
3800,784
9889,2574
5080,970
496,2170
297,9671
5250,4990
5261,2753
3153,8028
5951,7737
2061,579
5588,7002
5199,8295
8808,5605
1780,8238
5651,4426
5649,6173
7018,9563
9163,935
7353,994
880,1583
8001,1822
2258,5528
7479,425
2438,4641
9311,7437
1513,4868
2648,9623
4837,9033
3126,8425
655,3081
1573,7420
2294,3009
1186,5873
4221,6221
4444,938
8387,9913
7311,5302
2584,7032
7775,2884
9633,4270
2258,792
7266,6061
8579,9228
7161,6779
5626,8764
4768,1724
4105,4458
5357,5548
2642,6036
7925,886
6419,1900
3418,5975
6931,466
9052,2227
835,940
5299,1913
192,4980
69,8798
8185,6065
3741,6086
65,9197
87,1472
7808,2684
9618,6452
1958,1178
4571,5241
933,219
5833,7883
2272,4632
12,8264
3436,2073
7048,9132
3922,5353
6270,1974
9945,8853
2541,1120
7343,6735
9127,5424
2334,3574
1619,5615
5722,8968
8067,5889
2482,5258
2062,235
3405,8981
6319,2803
8780,162
5306,867
5042,9204
7256,7684
7119,5380
4758,4418
3945,9485
5647,2906
1427,3019
8389,7476
8230,5139
3126,2552
4794,9435
4612,1829
4787,9404
525,2151
4766,6839
9281,7708
6883,870
8372,2239
4368,7793
5598,7106
9699,9360
2359,3195
1225,2400
5446,2099
7576,148
7286,8824
9773,2621
7327,7158
2881,3888
9250,6892
6330,3988
2407,6408
5720,1348
4222,3254
9789,8886
2347,5350
1145,6423
5773,5636
5259,8061
1831,5261
3030,8852
2708,4831
664,171
5975,7349
9589,9033
5595,2795
7398,2479
2027,4770
499,9244
9119,6367
279,6021
4223,5040
4216,2238
6682,7370
3053,4218
9817,3079
2209,696
1450,7070
8536,6095
276,6276
7104,9286
6904,1973
4464,681
2365,1551
3892,2999
3919,2328
7444,3398
2756,9158
6065,8654
9469,8825
2982,2911
7307,545
4927,5399
2479,3378
6211,153
191,7666
3173,1009
5801,8727
3314,9486
8205,8570
5409,7693
1250,788
9561,290
5024,154
8063,6389
8123,843
101,902
4938,4322
4961,5606
5097,6453
2285,6583
3633,5807
5049,3854
9009,5924
1681,361
5101,3223
2599,2035
1728,3085
3797,4400
4193,5015
3924,6897
4020,7707
6072,4704
178,6192
676,1794
7347,2218
6915,4567
4126,1584
4428,9917
2709,2847
7499,8546
1666,2148
6169,6701
2874,9565
5568,381
1818,1012
6548,7561
5312,715
6998,5792
8570,7539
9733,2010
6512,1336
2284,348
2854,6122
8636,6184
6739,1112
1717,7398
4860,9883
5648,1488
1180,1303
2742,1835
9620,3856
2154,3106
6710,4920
1507,6391
2760,4199
1075,5998
4600,5581
249,8929
2003,3577
2499,2301
9650,3135
4556,1124
1671,8372
7885,1951
5023,3412
5925,7966
8408,2215
7733,9561
9803,4846
5659,6241
5737,1545
8565,2799
1605,8417
336,2798
4946,4780
9210,1642
738,7888
2011,7592
9778,9628
8253,6718
6889,4612
3287,2049
4617,6017
2263,6585
523,9835
9949,2373
1559,6420
3754,3324
4540,9379
4924,5948
677,807
507,4456
3734,5673
4425,2457
4304,13
9000,5657
6745,554
1765,547
460,4043
2622,4511
2553,4558
5610,9878
1361,7137
7651,3653
7771,8041
3409,2740
4000,1229
2322,5397
7447,5585
2361,2881
37,3361
1672,3046
6883,3981
3887,3730
8168,3164
8642,835
2477,2184
5449,7831
2840,344
3199,6841
5893,996
9527,703
9181,6302
4637,6368
5123,6583
5334,5513
2478,324
8857,9428
4670,3451
676,3716
4901,8240
1793,6019
1953,3208
159,1613
5510,7026
3813,2206
1141,1383
6286,8472
143,4136
2987,8352
6967,5869
6769,2978
7289,7354
8605,8470
1087,3803
5081,6468
375,6873
7329,1975
5950,1547
542,5282
2176,3201
3692,6080
8739,621
6225,3042
9818,8277
1239,5034
2715,9513
6419,8159
8582,5429
9556,6824
2562,6264
1188,622
4092,4567
2491,3111
1525,6587
886,5438
5886,4095
6062,9538
8143,3780
1725,5416
8177,5946
319,16
9543,8203
3319,7772
4819,4107
8753,2523
9188,8919
5045,4389
9867,5011
9277,7896
230,828
5812,1906
7707,5438
4868,530
4391,1178
3871,2607
2964,7776
4695,1500
8950,5264
5135,2948
4336,8267
2293,1765
9953,4965
3706,1930
9691,6451
1877,6500
4569,7315
3957,210
3219,4720
5164,558
743,967
19,3146
6665,1438
1855,5673
8968,5486
5882,4506
9560,7220
843,7764
339,8875
5608,4867
7337,8306
8981,6528
4860,1280
516,2720
3071,2806
9121,8486
4942,7357
1558,309
6151,1375
2501,8934
6436,513
8662,3064
7899,1925
5831,7699
5857,8191
8377,7592
4523,1987
1823,6971
5247,5104
9078,8359
376,3640
3181,5360
12,7956
4408,2089
2112,8899
9413,8025
5673,8305
605,325
3199,6713
8336,3096
8728,8619
6587,8771
360,1978
5728,1622
7173,6128
4465,6672
5127,782
9461,2848
7599,3240
1866,7812
5475,7596
8390,7353
3976,8361
6844,6568
3873,3728
826,9394
7563,3964
6961,186
3061,814
5538,3952
921,4532
1351,2605
1134,664
8585,6215
5838,2968
4014,7169
2520,4216
8666,8816
3523,1798
5611,9310
1883,510
5900,5403
9896,3688
574,5795
4931,3536
4233,6841
2173,5450
6333,1047
4582,5425
8,9829
9774,405
7807,7778
1308,1914
5397,5874
7654,3968
4823,7883
9184,7345
9241,6568
5562,5010
1921,8707
4522,7133
7902,9448
7707,4081
6842,1286
4825,3236
2411,3681
624,5376
4010,2202
9255,5443
5148,8470
1681,8678
6260,558
8549,6386
3903,4880
9686,7529
3105,1324
1485,2392
8199,5712
3170,6418
6765,3102
7091,1464
1851,7050
7878,3245
5916,9976
4168,7635
3444,6794
4558,6040
3677,7581
1859,7021
2043,141
4356,1018
3831,6643
7800,5644
6560,3220
2948,7290
7818,5219
3892,7600
9999,1008
7790,4892
5961,6927
1829,4582
5048,4038
9390,7318
2542,2137
7089,5746
1503,7892
2868,5747
4062,1914
1695,2907
7566,8022
4246,4008
4390,2161
8349,7337
1219,8871
5794,4766
9825,2747
3801,8595
4421,3090
7251,7998
8593,6170
2744,6308
5240,6802
9694,1652
7086,6713
2269,112
4552,1183
4942,1943
1698,6407
9753,1511
8357,383
1002,7490
8136,3700
7468,4450
2151,6828
9848,4632
3416,5486
2382,8961
1286,7848
3022,3280
4167,8770
3564,6312
58,9916
3984,3254
6620,322
9655,3415
8731,6789
2447,4210
259,1416
605,4501
3433,9120
873,9611
7489,499
5211,2148
9882,3240
1669,5726
1768,7715
8255,5915
4498,3972
2328,3235
7230,9076
4819,7421
3448,6409
3898,4743
9230,67
352,6006
2014,4811
7296,4311
5126,6273
7841,8994
7892,3598
1304,2037
5751,1999
9434,1737
1532,5539
5632,7653
3650,7645
694,6899
2033,4621
2576,4083
8461,697
2399,3779
9142,5027
7470,6943
5519,6320
3490,1593
3631,6258
743,9459
9508,6166
132,6304
8141,4107
425,5256
2497,6363
3902,5324
8500,7594
9179,7153
6374,8552
5643,9676
131,9022
2119,4159
7846,6503
9898,9045
1432,1530
9714,3604
1248,3167
4179,1226
3054,4044
6659,487
193,839
7409,1269
4897,7969
6613,9786
2807,8635
8151,921
7310,536
9998,7368
4920,3760
2530,5739
6316,6859
2069,2558
8435,4091
3424,5107
4989,2550
480,5390
7721,3662
5001,3643
6019,8901
626,391
1166,2892
5345,379
5964,8273
9941,7416
6301,3069
4333,9558
7341,8136
2948,266
5987,8319
4437,5225
6003,2460
9860,8772
2864,6157
316,3479
2160,8180
5621,18
3459,7000
8134,2719
2364,5186
827,6130
4260,4345
5099,9832
8104,9418
3517,4179
9188,9730
198,7444
6029,8967
6144,6725
9882,558
856,7620
9210,5535
5587,3096
5371,7692
3553,1152
3410,1097
9027,4853
6263,8930
904,3557
4250,7937
9664,4335
7118,6072
8025,7745
5474,1183
7364,1187
3130,6850
80,7584
8967,8430
5924,7650
7757,5091
6426,5753
9723,7374
6976,5825
7859,9562
1794,582
8442,8870
6913,6698
3245,7333
7100,4438
9281,8421
5029,5836
6748,8924
5282,335
9524,9669
4681,1886
1410,3427
1092,4794
1449,8156
612,7027
8559,8269
5216,9203
5854,2674
2023,4704
567,2947
4102,8465
5531,1594
6202,7574
9954,816
7058,8836
6652,6747
3904,7804
7166,6746
6606,326
1815,4735
7667,4182
6255,3711
155,3968
5462,5706
2680,2897
950,175
1970,848
123,8258
432,5346
2432,3629
4569,9888
3902,2213
7666,3614
1448,3010
5228,3033
9079,3242
6155,831
8944,7534
2122,9581
5692,9087
9257,8485
7671,8078
8128,8829
8147,8173
5702,3480
4253,3309
4553,2853
8591,875
7245,5352
7138,3203
3317,7809
3788,3330
5899,5558
379,3406
6974,7011
9083,1936
4173,7436
7829,2657
3108,8554
3473,340
8724,6951
479,9414
3964,7024
7584,4001
3003,1612
4502,8808
6602,8316
9335,4475
8881,5139
6569,2906
9899,4327
6713,8243
4913,6336
9036,2996
1092,9982
1833,2729
744,879
4634,9040
9603,8497
2993,6836
954,3153
2832,3214
7827,3635
5069,2198
2912,7786
8348,2726
5397,7878
7324,4866
4912,5261
9227,3164
8978,1877
6410,8072
7685,6573
9289,1746
2455,4622
2565,4186
1714,6717
9987,3664
7726,3904
1925,2993
901,5047
3715,3627
7031,2508
516,9941
5955,5323
1023,2966
10,8719
8287,8824
4706,6104
8475,1796
6079,1493
9692,9329
4148,9391
9118,3888
6199,9111
2768,4845
6374,284
6256,8255
3564,6440
6028,1042
4921,2930
3254,4164
7613,145
8049,2807
2672,483
7496,7074
9106,8708
1634,1270
1400,7977
9279,4827
2216,7970
9561,6455
7057,6586
6559,7177
7318,8709
4616,9734
4474,867
4076,7994
247,958
4394,9090
3934,1488
5639,5322
9933,9618
8468,1519
2691,9196
2918,7418
3922,4263
5546,2859
1464,764
7563,1928
777,7749
3953,966
4589,9328
959,5998
9711,1784
8793,7783
4030,5993
1696,3535
3375,8864
8845,9496
4268,8134
3732,1303
8829,312
7198,7876
1101,2975
3973,5978
4645,3896
5058,2401
8008,7300
3658,1857
2915,1079
3340,2241
7310,8852
1577,6029
1368,1856
307,5294
2596,5368
4146,9633
2860,9794
1473,6183
1362,8093
8058,4067
9520,5983
2640,5343
2231,367
1575,4673
6807,1335
9266,2226
6335,5557
3850,7833
1605,7238
1531,6488
222,7720
5014,6848
7311,8753
3914,1141
6956,1640
2465,9191
5789,4599
8151,7748
2190,7799
1966,809
5982,928
4312,2417
8421,6966
2264,5387
2097,203
4791,1194
4970,6619
2795,7939
3577,1943
7441,6579
8192,3161
2940,9312
397,5618
2432,4249
3487,9563
8230,1485
8836,8020
6181,820
3802,564
6988,2852
3956,8809
2805,6270
6113,9310
3261,8540
4736,1391
6609,5386
1794,3847
9435,3882
2889,2843
7541,691
3369,8037
6571,2756
2888,4699
4830,3881
6344,7048
676,5728
8734,4371
4439,5289
1719,2753
1892,8651
277,9197
3633,8047
3648,6214
5456,8720
8628,9835
8176,7851
4422,3957
4132,9585
5684,7210
5451,2281
6151,5586
4621,5468
8585,4854
2631,1363
9757,3917
5120,5031
9061,2857
4184,7409
683,491
3945,4515
7469,3022
1482,7210
1402,7344
9815,1503
1351,2396
1383,507
2285,7932
512,8179
8829,4804
3328,39
2503,9523
6890,9393
2978,230
8484,2593
3325,2471
9233,4481
2353,5071
8337,7581
7544,9153
1952,4536
9209,5613
8487,4357
9542,7698
4446,8625
891,3358
9096,3499
4730,7561
6361,3098
6676,3476
2177,9151
604,1885
1992,1027
8452,8454
7612,4281
8609,5731
2209,4704
1842,8103
7592,8186
2372,7386
9287,9687
2251,8323
8052,4848
9507,6120
3079,7655
5836,4009
3291,9426
1517,9015
9211,6472
3596,6046
5155,524
7208,2935
3096,7792
2494,8284
9479,7943
9065,6276
4368,2520
1076,4494
2872,3707
3456,1821
4375,8199
5823,6448
6009,2409
5234,9082
4975,1408
3881,8396
357,8134
8387,594
7090,8251
2215,1137
7939,2289
2277,1457
8954,7568
9236,9131
8644,1095
2090,7726
6993,9816
8100,7875
5947,9495
2450,7326
7367,9274
1035,3698
1749,2616
3327,3689
3708,6025
5249,6106
6158,4392
3061,1092
9294,4391
6479,4413
788,3961
767,4081
8493,1961
6444,9325
2234,9700
7744,6753
4024,3166
3395,4454
3419,9729
9706,3595
7384,1926
3883,9858
9307,7488
5555,5931
9943,998
5144,3229
3996,6062
7106,3145
7495,623
1496,1809
2176,9440
9546,1391
9186,4268
2964,6825
8601,9640
8008,638
851,146
8598,9430
8298,6238
1148,97
8675,9837
3880,874
1227,1726
4700,95
1541,8275
6984,8882
563,6662
7884,9268
5099,6045
9012,986
3788,9628
3427,6431
8255,1485
7382,5130
4856,3204
4885,139
9475,3261
7577,8203
3719,7038
5850,451
8113,6975
8883,2361
485,308
6507,6572
2756,6514
6982,5558
4330,7333
5873,4564
524,6939
4948,7853
492,2207
3001,4135
6390,3535
625,4729
9993,3908
1273,8695
1099,923
4093,5975
5265,5231
9244,1262
6695,7664
1774,3808
6536,3617
3407,4331
5886,3377
6529,7506
6501,4647
7020,7196
4664,4452
6391,5621
3699,9416
2068,3685
4748,8335
6092,7837
1101,4876
2120,2457
6184,6978
9574,5311
960,8719
1630,3586
7223,3613
6157,3710
3249,7013
8681,4576
7062,720
7857,5405
9098,9103
7584,7734
4437,7379
654,1641
3796,2660
6188,3579
8028,2064
526,9375
2212,7433
5127,606
5664,5604
612,548
2161,286
7415,9024
7456,350
7714,7439
3504,9864
139,802
1390,8204
8285,4531
4301,6510
412,1587
5754,2798
3492,5791
5620,35
6232,1574
4259,8216
2174,7401
3171,7294
8351,1421
9615,4511
6386,9301
7088,4919
7528,5414
4226,8735
9947,5044
3752,1305
1263,2900
1498,3043
7330,9023
3648,6844
172,8132
30,5818
8401,2470
1627,5186
9638,3217
3261,1750
582,7181
6400,6722
7254,4541
1205,4686
4100,6377
2729,5270
3145,6774
7801,2613
9643,2644
4875,2533
2133,7318
2097,7573
1513,6702
6358,2632
7063,1076
8842,5085
862,6200
9844,5771
9354,5299
4711,4429
285,7562
7037,8879
6601,6459
8571,402
9621,8304
1341,6841
1485,4825
4355,9883
8319,1765
8269,1857
4456,4682
3599,4542
9730,9720
4449,8426
3103,8362
8874,5339
6459,9958
9589,3390
7668,2119
8886,2645
4319,2004
9821,3651
8232,7393
981,7839
6514,7347
6573,9197
1387,3232
179,7156
3340,8896
5653,4664
1521,1807
506,3410
3656,8428
1264,3768
7933,5062
6407,6661
95,9999
5795,4020
6619,8519
4647,2273
156,2224
4754,1295
4788,2641
2716,6747
3452,3681
836,810
7311,3929
6136,9755
3338,3218
2178,1519
2799,9117
5653,806
5842,1209
9181,4640
6350,8712
3727,1213
6117,2485
1731,1978
5129,6333
3584,8998
5439,6219
6946,5445
1198,7529
3994,78
8043,5443
6239,4069
5851,2257
3103,8841
8715,6828
3843,3469
2051,4737
1420,8018
1861,581
3828,7211
4645,1053
4395,5222
855,1084
503,7835
1429,1511
8590,4556
3040,3568
7779,4064
8980,2129
548,485
8125,2123
1019,7286
3867,172
8203,5276
9897,6639
3302,6130
7968,1371
6003,72
1758,360
3069,4441
8103,7784
3182,7463
8369,756
3054,6286
6739,5054
649,7488
6260,1096
51,7771
4145,345
5095,2952
5708,9518
645,3685
8829,4396
7647,3911
8495,3124
171,4137
7587,4085
1095,9354
498,2426
8420,7729
1850,8948
1526,5874
8527,7389
3830,9225
1433,9665
8114,7681
2064,7180
8326,5826
536,1524
2945,7750
4348,1125
7848,1781
5008,7801
3279,3313
1131,2513
9347,6662
2797,5394
3552,8310
5909,4009
9664,4029
1153,5785
4324,123
9553,1921
1250,1702
6051,3915
6897,6090
9928,4272
8044,2668
4662,2191
399,2679
7009,4258
3379,241
9025,5341
76,2368
1570,1455
259,6207
3294,6943
7494,4269
3199,5192
4357,7901
9387,6089
3258,2627
1662,7712
7606,7493
3896,4965
5774,3128
4110,1859
6383,6506
9601,4250
857,1341
1536,3308
4457,2735
1089,2108
8015,9108
6387,2674
446,1270
930,4334
9693,318
7892,4679
5837,3868
9520,2502
1470,7014
2076,5574
2729,903
3809,860
4310,4205
8812,4811
1580,795
2699,9411
1631,384
9789,6802
4867,6246
6527,4589
843,4323
5035,664
7800,3756
7682,3984
5546,5315
7625,1204
931,9059
7348,4037
8942,8124
5913,3528
4473,6013
6821,8752
8117,2272
3280,6290
9345,9963
9413,3490
3793,7145
6161,4417
9714,987
8436,8218
7829,5648
3292,7353
8901,4071
2914,5691
3602,6873
1615,1630
2631,164
220,8372
4947,9132
6104,8506
1883,6678
1298,8397
2520,5569
9154,8116
4419,1148
537,8997
2254,1914
5469,3535
48,355
6108,3931
2606,1799
8858,9165
4013,5262
9485,2869
7185,1790
3246,7766
925,3022
8469,4588
5817,6278
1578,6822
4612,493
8479,2088
6942,5698
4511,8507
7927,1715
9239,2289
5065,573
9804,8178
6154,8186
90,2516
3934,1464
3597,8642
4775,6581
5160,7147
3130,3542
2706,1121
2627,9671
4365,5353
4062,375
2784,8373
7406,1638
458,3501
167,2284
5583,5076
8909,624
486,9129
3462,2807
799,3315
7449,7454
4894,3525
3867,2073
2527,8271
9351,5094
5550,199
6090,3744
470,5990
7624,4597
7274,9641
6963,3574
1050,3049
31,921
2982,2157
6252,6749
8317,6889
5189,6684
3709,5903
4621,5184
4392,7595
7239,5141
8982,787
8882,5511
375,7701
2543,359
2429,2205
6565,2979
9309,9509
2374,5252
3688,8098
2908,1394
2595,4597
4000,8737
5942,9135
4167,6243
5721,7352
3551,8596
230,4847
6547,6546
512,2730
1138,665
1434,5038
7490,2283
755,5433
7163,4247
335,5805
5975,1628
2602,2648
7852,4086
4855,8183
6687,6225
4793,1025
7970,8997
6284,4902
1771,3280
1361,995
8418,3528
9520,3163
2912,3635
8379,8960
2418,2466
8351,1590
5221,2173
979,7441
5751,1536
2872,2524
2463,5640
8841,8819
7990,3389
8122,620
3904,5743
5221,8967
673,6080
9156,7411
9405,1511
3743,5198
7167,6259
2382,4554
1463,3964
4810,3314
4577,4964
6371,9743
4638,6364
6845,7796
6535,9144
580,8032
4663,7496
6715,4241
2665,2097
9946,640
5432,452
5500,1349
2163,8010
8222,9826
6002,1809
1242,243
5976,8723
2520,9625
2669,9435
9626,7216
1667,9774
7702,6351
3467,9506
9202,27
7646,228
7212,3275
5143,7640
6141,6989
714,2299
3703,6352
3991,4009
4096,8201
8442,2063
3923,9596
1257,1962
5407,3599
3123,988
8297,3032
673,5621
6370,1869
7459,3372
8355,1229
9183,1245
8527,9652
6025,9230
2173,7994
477,7861
2868,4995
2371,8700
8540,2827
3025,5676
4056,9901
7701,8978
9739,8598
9366,7381
3259,9973
9796,132
3591,4515
4042,9023
2624,2333
2164,6432
1394,4847
1156,4963
7047,6955
4123,5389
8774,6885
2364,3233
4348,4135
1193,1377
7079,9686
7210,3169
5702,3473
911,1731
8772,1474
3608,7556
8187,1693
3420,1775
996,6804
5810,8887
3403,7984
8161,6729
9881,3389
278,1841
8822,2682
7014,9100
1760,8348
2248,8562
5960,4915
7964,2085
2586,9089
6225,7938
1966,8185
9730,6613
1555,2724
1049,4002
1244,4414
1432,3870
1345,2043
3141,5717
6267,8147
569,7612
6730,944
2290,4259
5698,5597
8949,9020
454,282
2092,7801
9008,8243
8329,7860
9260,2137
5754,2078
934,6358
1805,9949
5130,3216
10,3706
6123,1906
5443,1516
9773,3279
6088,4427
5946,3279
4426,6199
2504,5143
1847,4366
1692,8107
6886,8175
843,7957
9046,7586
669,1327
902,6191
4461,7055
5998,3296
8351,3656
4531,5853
6003,1804
5648,9098
6052,8602
7932,7569
7460,4243
7369,6011
7194,1871
1769,2807
8714,1426
4193,4588
8101,6526
6094,7478
4364,9281
8811,5754
600,6718
8373,2359
3663,9997
8185,6962
9044,343
606,6820
6004,4011
804,9169
3766,3903
3473,3464
6339,1897
7510,6653
5097,4753
1783,4764
2454,8624
4587,606
4396,8986
7376,2151
5846,4321
5972,80
880,754
996,1530
2202,8812
7690,2672
5719,5982
1512,8852
3542,2080
4249,4539
1975,1946
2015,9113
1476,4467
7982,9100
8599,9919
7982,2302
1218,9682
3664,1148
2587,5122
4469,3695
6869,2324
750,8796
3710,8024
9698,5468
4799,1067
8130,6395
5355,4311
6689,729
9944,9657
7218,512
6213,4248
9208,7752
2814,7704
3241,9422
7354,8183
527,1116
2999,2701
5619,5763
8034,285
3333,3993
1459,6646
4915,1136
7149,2463
9083,1750
206,5378
5565,1765
630,9294
4494,2504
5837,8022
8864,3529
8358,6918
5934,4687
4811,9176
196,2930
1836,5345
3557,7303
5901,5100
8245,6200
2571,3811
2689,2674
4326,2583
3170,975
4417,2509
5799,1061
6768,6720
1510,1863
2637,9115
2485,551
722,4602
9741,9303
3014,8897
3024,1331
6655,8139
1683,2291
4674,1154
2583,8233
8764,1952
3437,3218
6182,9409
8971,5327
7161,8851
9213,4459
4604,2636
3050,9248
9938,9454
5304,8261
5740,8664
8232,307
3804,2995
3316,8988
346,7361
3945,2576
92,2847
1645,6996
9982,2503
1077,7421
8751,2719
6775,9
4531,5053
8737,8933
9731,8508
6830,4525
5285,5662
6426,4543
5648,7214
6263,1641
8242,8132
9440,6074
4928,4044
3787,9394
643,4156
7939,1502
6484,400
2470,8967
8834,9673
4312,4221
2015,4393
5277,4896
1387,6019
3177,2595
1323,1204
4191,5910
3853,4372
499,6813
6856,6688
9020,859
1643,2887
9291,9051
8544,3260
5298,8261
8563,7030
5838,1559
2500,9502
8029,442
9236,1327
2662,1671
3321,8726
7064,346
6508,9409
3162,9398
3762,9035
9597,5725
4567,1935
641,9918
9692,3699
4599,2389
8906,8761
6846,4228
9400,4760
2547,8926
5756,932
3235,1317
2716,9742
1881,4458
3229,131
7522,891
9213,4777
3621,1774
3000,5098
4112,7917
9450,7599
4858,4762
926,1241
9676,2023
4735,6777
868,3006
1357,1955
9713,3991
5390,5518
1508,2092
1568,832
4167,2412
3937,2867
9894,9072
7218,8055
3527,27
7126,9754
6091,1090
2436,2691
8877,6245
2755,9392
9097,8967
4542,1749
5563,1361
3396,2571
3885,9783
1459,6347
7487,1678
7067,8774
678,4899
4374,8837
6342,1217
4623,1855
1857,3037
7586,4365
859,3390
142,2810
7745,5527
5486,7313
5341,6413
1349,515
687,4747
5753,344
4876,5520
2063,9675
3616,5211
7056,4368
7645,2870
5302,245
6904,7157
4508,3332
5605,7681
8452,7153
2468,4269
1416,1729
9963,9914
8256,8177
7459,9710
2225,4016
3885,6587
3194,7269
6957,5726
6527,171
5321,2237
631,2193
1627,3003
9522,7977
8146,6905
1074,9761
9171,1219
8511,518
6051,1889
1115,3900
3976,8743
2109,8527
963,8937
1315,4033
6092,9539
5144,1828
822,3621
4762,8108
8334,55
2620,9409
8299,5714
1057,5338
5187,6808
8036,3139
9983,6097
3688,887
9611,3465
2249,5993
7850,5667
8028,2191
6932,44
4828,2849
6484,2450
2852,1214
4315,2455
4133,1561
3976,87
8850,652
9945,5917
2245,6282
323,4118
4872,8591
9222,9958
9181,713
9845,4341
1308,5057
4906,7948
7935,7818
7372,4618
3800,2377
7802,2552
3460,1226
9232,3852
9035,7453
1990,3840
7759,8279
4472,5676
5763,7274
6983,1444
1443,7840
653,934
1674,7058
1878,8181
8506,4101
1836,5466
5648,7762
1812,2548
7106,7073
195,9606
6698,5926
2259,1555
7910,3933
5261,7494
652,7262
746,2264
4881,3374
3143,2952
5496,9873
7611,3065
7288,5317
6886,8067
8625,9213
8716,6826
946,5067
2789,8174
9543,393
5869,7696
4435,6951
981,8389
5626,563
6786,2712
1877,4850
2634,2923
3167,5677
3747,8628
2518,4727
4132,3884
6546,8842
2700,2659
9352,9648
5610,594
3171,6919
9859,117
7064,3360
7524,741
6490,132
6155,6248
4357,8234
6111,4881
1188,1883
9897,9594
6644,4702
9480,5680
2619,4159
4029,9169
3146,9137
1632,8355
3983,1001
833,643
577,1954
5019,9276
7826,7187
5747,3550
9937,3846
6914,2023
180,5945
4400,7541
1258,3965
8281,4171
5476,2819
1198,331
3338,5542
6166,754
9840,1193
8839,485
2713,8180
124,3773
298,6451
956,8369
4005,3117
3482,1665
4653,4391
3158,3924
4429,6291
6892,160
9889,2224
3806,6242
5854,5654
2259,2683
5108,4472
5948,212
7381,7485
7910,6153
6644,4571
8739,2940
5726,5728
2499,5184
8424,9481
8260,4668
7339,9437
3512,5823
7724,9034
3329,2751
8802,8387
3729,1680
4557,480
9509,93
94,7220
1054,7951
6196,8893
4430,9533
3803,6212
7956,3606
6673,80
6040,7183
8997,7681
8661,2828
8976,5685
7843,712
6133,9109
7794,4623
8105,3209
4421,9605
9510,9375
1588,6482
8883,1857
31,6652
3715,2027
4906,6315
133,4483
9243,9751
3783,1077
1404,1777
8714,3293
328,2237
5990,4822
7489,2030
7935,1541
4097,8395
4691,8621
3465,2783
9136,6271
5187,7642
7944,6773
9143,7558
7784,6659
5388,379
5414,1835
3366,2796
6269,4018
2008,5491
9273,6043
5847,6899
4318,7243
7786,6398
1732,6592
924,4698
1420,4604
9620,5819
1204,2711
5879,393
1165,1996
1397,6945
791,4176
3584,6354
339,4115
1429,1096
1227,1972
9065,6549
2433,8579
2779,7577
3948,1464
8757,7425
1,7795
9343,6306
8382,2762
3271,7642
6931,7562
5499,7595
5950,8879
9273,5538
940,5381
4250,308
7867,7767
2236,7916
3566,2159
2978,648
9255,2700
2972,2458
2771,7803
2171,94
2357,3952
2792,9702
7474,5372
7847,9207
7003,2372
6374,2575
9132,9441
9572,3727
8932,9706
1899,5856
1928,8556
2618,9127
8677,1095
6606,3986
7944,9158
4847,7249
7490,7096
6597,1026
7931,8814
283,3153
235,1885
1107,5731
1731,5030
8628,8254
3237,4611
8999,297
4477,8287
2842,5903
5573,1819
6994,8279
5107,3679
260,5291
7598,1472
669,5626
8818,5606
9419,1780
3669,7309
1880,4274
280,7047
4046,3789
6250,2565
8665,7769
3112,6986
9119,1450
8147,4927
8206,9175
6693,1253
7647,2401
1747,7586
2801,5255
6112,3910
2380,3862
2376,7738
7319,8918
672,2621
3627,5732
2205,4168
1486,2850
5578,929
2281,4998
506,9941
3855,1160
5959,245
5331,6101
5627,2776
3892,1514
7260,7135
3439,5070
2823,6097
7094,1407
1349,6009
9584,5069
9533,7567
1593,2636
7354,3113
8556,4137
263,7904
755,8546
3515,1810
3713,1848
1011,3038
6548,7123
2185,1898
6540,2814
5570,2768
4558,9885
3247,8337
9570,9938
8662,16
7316,2488
5783,5094
2136,5531
4670,1029
3742,2237
1170,3849
4315,7409
3760,2798
8072,7859
6699,5757
7905,2875
6993,7583
517,9858
8598,6973
219,8806
9906,2753
3264,8040
4114,4764
2915,7588
8975,606
1630,2599
2146,4249
7218,1458
4514,4426
1821,7989
6873,9169
3196,8241
3680,8083
5078,5553
5495,35
6786,6796
193,3339
3609,9568
3175,3423
7357,4726
6568,6041
3260,8553
3223,822
735,3631
85,307
6216,8529
141,6443
1499,1886
7224,5353
5732,3362
8387,9153
5006,4407
9885,6212
312,5058
9721,4462
4228,956
6736,5660
8703,4415
1888,3484
7314,3135
7828,6523
8857,8193
7077,4943
2790,1771
1394,738
4598,7816
2951,1970
6408,7218
874,9343
2557,8594
6720,1063
6709,9077
164,8089
4371,8085
16,6646
6574,7723
2573,8299
1830,3658
8017,7880
5461,9772
9704,3068
7877,5624
4737,1828
9576,154
2335,1250
8682,961
9551,5505
9657,3788
2858,7049
8682,8048
400,6012
4000,145
5478,4612
466,8987
3606,2129
7325,1754
1333,292
636,3042
49,430
1917,578
5595,5499
5286,8021
3823,4534
1872,1510
1041,6711
5950,6616
6281,5586
8130,6057
5705,8099
2778,2493
3431,7187
9141,1582
3635,556
4120,7776
1659,3357
6305,7307
2334,2027
3948,2091
2351,378
9211,7343
9361,9913
8660,4944
7258,4774
8000,2912
5901,587
4226,9251
7488,6197
2386,3815
8676,6599
1600,5860
4607,441
2245,1113
7310,7028
7560,3254
8660,4583
2694,1182
7347,3180
2583,6431
4670,6478
7736,8662
1876,9618
8844,3188
1418,6470
5251,2007
7722,8219
8923,6031
8701,1733
9267,8498
7639,3195
3193,8568
4727,1009
9617,9616
9454,8643
5673,8953
9047,3417
301,7716
9307,8436
16,7285
1071,5883
5319,4033
1645,6208
2812,160
1684,5871
5335,3416
4747,2837
4584,4148
9883,7065
7511,9414
128,2758
4109,6274
2705,5451
5163,9632
6805,5592
2210,9825
5419,2003
7731,9771
2788,1895
1121,5768
2052,6987
8855,1987
1491,6751
6548,1920
8543,5164
4328,4354
4327,2209
9183,2888
8454,9145
2959,3716
9537,9400
3440,8747
2044,52
624,5036
4910,7078
7904,294
3607,7058
3541,1133
5201,1935
7929,1394
6645,7026
6095,7178
2267,6335
4271,2355
8330,7547
556,456
10000,6298
5166,5586
987,4163
7918,7580
275,9572
3655,401
8875,1595
3351,989
4016,4771
7847,9648
8010,7922
5094,1624
3942,3483
5102,155
5990,5748
2026,4751
8552,3005
4294,3979
8993,423
1523,8249
2376,6984
9309,3306
8293,8912
9497,4766
8856,4128
6955,8478
767,2960
5519,9033
8956,2828
9036,4924
235,3902
5696,4110
3261,3655
3679,7767
3207,9988
6884,3140
9329,3947
2952,3165
5310,9499
5856,1310
9771,2093
8472,8393
9104,4407
5352,9128
7197,107
7336,6859
4615,3083
4969,7574
5988,4239
131,1493
2035,2883
3049,8760
5049,9451
9504,9187
5886,5157
9209,6984
7118,7362
1274,7917
7227,1830
2168,462
5118,4208
8914,2653
2195,8614
8157,6073
2378,6077
929,4039
7312,813
670,9254
4353,2520
5270,1528
1742,5582
6788,4055
9007,6745
309,2960
3265,9252
3021,6145
3649,3667
2742,1120
5919,7007
216,5955
5944,2554
1354,9754
9610,7124
9147,952
437,6628
8411,7280
2626,4127
9151,5962
8166,5036
1240,9055
1858,9153
1775,9499
636,4506
1454,442
5694,677
1342,430
4685,9200
2894,845
7026,9294
317,4683
6276,2457
3787,3431
2035,1306
955,6645
1838,6801
3767,5028
9122,541
6990,4715
1676,9633
8218,6410
7055,4102
409,8782
3156,4592
3547,8358
5724,4283
6995,1070
4881,3995
8815,8845
6551,8554
288,8399
1896,1339
5662,8467
8464,9264
1574,976
3316,9305
6946,9049
9792,8547
8797,8890
7092,9505
5267,9802
9648,415
6960,5477
242,537
6159,1847
6485,1886
2367,3225
1797,1240
6555,3398
9570,4535
44,6957
8970,3148
4717,4255
3535,682
9354,4296
3169,891
562,8890
5517,3494
2878,7306
8496,4462
2823,1440
3370,2580
8560,1915
2098,571
277,8977
975,5557
1565,169
6121,2450
3208,9798
378,9770
850,3491
552,1957
8106,3796
4540,6217
9840,6769
7029,321
4997,3038
7682,4227
5470,3382
6629,9903
2642,3630
2273,5441
9824,8551
6235,5587
3120,8492
1706,1974
3256,5898
5125,4137
6706,7030
1577,6142
9893,3590
878,8614
2831,6744
5559,8172
7963,4689
5857,8019
1010,2363
9627,891
836,9347
7044,7833
8998,7598
1267,8930
9870,1166
6868,3485
8002,3245
223,182
2338,2084
7063,8716
7439,4489
3605,722
5785,2687
4146,8804
99,9522
9048,8909
7291,5917
9987,3726
5951,287
9238,9903
1062,3002
7479,9262
4284,7874
6127,1184
8277,618
2673,7583
7832,4002
9453,7668
4125,9872
184,5107
140,9317
6213,4153
5733,3709
4046,8412
2177,9819
1138,1740
569,4148
4378,9389
716,1254
850,5347
1209,2844
7667,7602
5764,7630
104,2723
2086,5879
9642,4546
993,8286
1896,8426
3220,8760
2872,5079
3380,5770
7747,4573
5543,9137
2009,1834
9168,7106
6109,8486
812,8707
5737,3446
9132,3381
4190,6807
8623,1047
6971,4444
1858,3365
3641,5420
4962,9962
1542,8926
8662,5139
1246,6373
518,3590
1384,5891
9965,4340
4238,7464
5998,5366
5856,2700
351,5917
1691,6643
7179,9427
1602,5180
2611,8643
1177,2191
4369,7106
9846,6134
490,4429
7747,6516
7018,7266
465,3410
3884,6170
5517,6141
2228,6509
8083,7634
834,8201
1119,6352
5925,3272
833,9439
2903,3131
1333,1297
3297,1315
1958,7219
6128,120
2521,7403
1672,6599
2776,1006
4517,8522
643,5413
8125,508
8959,1824
9073,9560
6321,4049
9932,1608
4947,7999
7494,5065
7463,733
9030,8307
9422,5384
4214,7685
5439,4792
8902,6666
6570,7912
9796,1146
9266,719
7688,1573
4986,97
2170,5192
7197,7124
4335,544
6082,4089
6891,7202
6794,5619
6830,1596
1283,337
8496,7908
2047,7280
2102,2945
9279,5868
2521,9111
3094,2063
2606,8377
1881,3594
3631,6988
2803,2222
8360,1699
5519,7011
8836,1119
2796,5801
4137,5298
7843,8186
5345,667
258,6931
4806,7312
3595,2513
4653,8064
9972,5525
1256,9206
9755,8951
4893,8743
9933,2848
1707,2669
4714,3248
8330,8678
8997,9249
7604,9027
9401,4629
868,2794
7858,9057
622,6848
1782,2209
6298,5575
9266,3752
4842,4581
7581,2600
6646,1887
51,1946
7194,9910
6411,3040
6349,1700
8099,8123
2047,3462
4791,3166
9649,932
1518,3942
2867,7687
9751,2801
5999,7316
9819,6379
8857,9645
6844,7330
66,7774
645,734
5459,3670
7837,8242
336,5586
8730,7396
2254,1556
3342,1985
2786,8775
1244,157
7580,9221
9365,607
5733,3637
8711,9921
317,6167
3392,7974
5983,1273
5709,9292
7586,9946
1820,1054
4752,9756
4563,2915
1017,9030
9568,1548
2176,9013
9048,3351
4068,2552
6982,1641
731,5593
3663,27
9823,5699
6015,7496
713,7973
5239,9858
2744,3110
2444,7275
4188,8812
7523,9564
8943,6188
4525,9793
8704,5335
3566,8490
2870,1469
5919,2132
2926,4596
9200,4602
4484,7730
283,3006
2778,6997
8490,1105
2661,173
777,9332
6543,9446
5526,2108
5085,6877
6950,173
8522,2678
2428,5431
5343,1977
7293,7437
5417,2598
9967,6536
4607,69
7749,8921
7664,6364
9466,7278
3559,5725
6217,8461
3656,8052
2448,8878
4767,916
4016,9484
4630,2624
4100,9305
6576,1122
2642,6731
1123,8356
9201,6504
4766,5328
404,8187
2375,432
4798,9095
2476,646
2225,8804
9264,4098
7719,4309
374,7990
9991,4205
3301,3026
9332,1777
9125,1127
3845,3136
7869,3918
6204,5397
4030,6368
6181,1160
4512,2323
3086,8727
8904,446
6604,8215
7942,6362
9516,1096
3931,8525
5313,8787
906,6017
9150,7135
3606,2537
1279,7186
8432,1818
7892,6811
581,3538
5113,7437
2503,7364
7685,856
9716,6277
2130,1281
9209,4912
6513,5805
3749,4965
9254,4618
9404,7803
1,6003
3063,5120
1741,8954
842,5723
1805,2392
83,9527
7899,8567
81,1212
7439,1340
9422,6651
1157,4429
1545,9494
771,9486
2844,822
8672,3370
8702,356
6515,9280
3397,7778
8914,2745
6603,7454
8578,496
604,4904
6995,9132
7593,9296
3318,3817
5870,2927
6256,3263
1278,2285
558,9595
5742,8247
8996,753
928,589
7106,7848
5119,2981
2512,1232
2672,7490
3716,7991
8847,5890
411,3301
2154,5245
8375,4207
187,5486
9714,2270
1668,5981
8626,4758
3826,3372
3743,8159
6172,2212
3667,7594
9015,6388
8910,5675
294,9382
2075,7514
6454,4976
2342,8670
42,9559
5776,5325
28,8286
8504,5099
6864,7613
1491,6242
2586,6374
9500,6875
2287,5351
1159,1576
7739,3731
3668,3149
4068,90
2716,9760
2226,7002
3256,8821
2244,8351
8285,4768
5962,1659
9474,4263
3619,3092
3102,9016
362,9880
7284,2355
7256,8581
6391,6431
8867,2887
160,6902
310,4249
4597,5032
1969,4858
5474,7478
4686,3400
6605,3213
1965,2414
5692,7094
315,7208
7345,5216
3604,7477
7999,1342
3451,8995
9144,229
9564,481
6569,3435
1050,813
7754,7378
7492,9553
5241,7358
547,6893
1334,4616
8278,2459
2721,7313
5908,8147
3858,7993
3898,296
248,7382
6616,4687
9257,3504
5948,3164
3576,7023
4083,5012
8835,4458
2440,5309
8921,7881
199,9625
1912,2507
1867,9846
1733,9898
496,5035
3481,202
6625,2897
1945,1941
5666,1462
6839,640
835,8535
2599,4778
4047,229
8888,1662
6998,3628
7850,5705
4886,3599
9961,8196
3004,8615
5002,5883
3651,2159
2975,243
7072,7227
2125,3911
2891,380
5493,4444
5098,3192
3630,5336
8775,4112
1984,4612
2945,1303
5439,6283
8819,2992
4235,8292
7873,1070
3343,9386
4665,8647
3701,9217
7382,4516
5480,3049
6847,8152
9463,3227
3877,5022
97,531
7453,3828
688,811
817,3877
9115,393
410,5978
1037,1989
522,3168
2981,4554
4587,6698
6046,7379
4980,2012
328,4555
5939,4845
5154,5674
7781,3121
2542,8544
2979,3877
7766,7522
8517,1963
8335,3863
6814,316
9482,1194
3796,9092
9758,4748
9090,4499
3479,3302
761,6861
2837,815
9303,9062
3060,4703
8645,7144
1471,8653
6419,113
6107,2808
7686,5463
1468,7939
9474,99
3590,6596
2351,8952
4927,7032
9105,8753
6974,6632
3657,9921
3306,8600
5632,6087
7291,6951
2726,9382
4134,9926
7524,5238
4592,6346
4784,3891
104,9613
8664,1640
1104,2552
833,8900
745,1354
6315,3754
5530,6786
1135,1342
6834,8028
7439,8917
7163,9095
7379,5195
7820,425
8718,2382
25,4758
9933,7531
1162,4476
9036,3769
8348,5768
6872,5452
6267,719
3172,9603
1368,947
3929,2846
1163,5623
8952,102
7980,865
561,7544
7863,6824
1626,9354
5287,4266
2601,3120
7216,7649
4154,8637
424,2204
5429,8198
9705,6541
5628,6368
7216,6911
9145,1746
262,8354
4545,778
5240,5993
5983,2815
9722,4544
4910,3144
8668,3275
5366,1169
584,1551
5286,2317
1000,2962
2564,6138
7764,2340
371,7678
6882,2777
9755,1404
7542,8219
7853,8359
5872,918
2445,6726
3902,7510
8164,7259
8633,5789
5299,2116
5364,7158
4852,9163
9581,4588
9763,5940
2613,1251
2633,9192
6554,9631
24,474
2069,7832
4666,622
2898,7112
4220,1235
6029,9220
6834,8213
3001,9366
2346,9793
9972,2372
5215,7314
521,8351
4953,3024
1223,9425
8210,4041
1061,2942
9772,2887
2546,3312
817,7892
1446,4403
4551,3682
9476,5578
4286,3794
4632,4701
8862,2659
8719,4964
3214,4442
5231,990
7601,8602
1267,9208
5254,3448
2707,467
3478,3107
6451,4649
9540,8648
9269,8996
179,5073
1270,6116
7624,5867
9373,7586
9368,4795
663,6662
7864,4657
2571,9548
2945,3065
6444,7941
2456,4024
5074,6728
5786,2419
8008,419
3808,4324
4573,8180
1158,8142
7035,7748
1146,8479
2672,2784
1478,7311
716,4534
8133,235
3812,5795
4636,7490
6694,7612
4532,526
1848,4764
5380,190
256,5089
8161,2924
9952,6197
7379,9957
279,2602
7105,7273
6293,3229
3514,5786
9119,8929
638,8834
4438,6613
523,9334
301,402
4395,2859
330,8291
5248,6455
9182,7430
8736,5351
9592,8173
3606,1354
8576,2714
5450,9296
8008,1438
1414,7832
6690,3008
6343,8770
5092,5347
4199,6238
3322,493
3722,9605
1327,5162
6721,2719
8701,4254
3866,3792
2581,603
8013,3861
9765,3386
594,9028
3844,5947
5578,1001
9240,6698
412,4386
8299,2626
6168,6196
6009,9326
2061,5010
2356,9058
7734,552
4477,1164
2106,6056
4893,3138
6758,2659
436,2337
5009,8022
863,9174
7792,1111
9122,8982
1062,6242
9729,821
9108,4736
382,7397
9233,4374
7541,1709
7321,3001
7227,6751
1595,6572
3148,2605
3433,3510
926,7228
9832,490
4932,2469
6219,1704
1630,7849
1863,8945
3069,4232
7941,9555
2052,8433
9509,6419
8351,3058
7273,6250
1613,5169
7948,1174
1377,2934
4570,5724
5312,7108
9075,8475
901,6616
9391,2045
6889,9677
2461,5970
6211,2623
4787,8926
4854,4421
950,5130
6724,6250
8157,2439
4918,7274
4831,429
9553,273
780,5852
879,3030
4082,1578
5913,9009
9062,5980
7148,1938
5480,245
4275,8044
1970,796
4832,9489
349,3987
2277,8711
3291,5463
7491,423
4159,5950
7572,3219
3186,9575
9351,1794
2664,5225
6180,4929
5577,3926
6058,9664
4004,8201
6111,8801
2344,4586
8409,611
4108,6716
1886,1298
6300,6563
6502,71
8686,2018
4251,8226
4398,1085
9736,5331
3081,233
5541,1965
8875,3281
4147,916
9274,7137
82,8597
8467,3659
982,4725
9327,5521
6890,1068
5243,738
9603,3276
6657,7460
396,6321
7726,9297
8635,5376
9194,7385
2081,971
9561,7937
5753,9255
8456,2032
8724,9588
5066,9434
496,6983
4076,7229
1294,8896
7095,1882
2385,7510
6703,4486
2567,8030
4763,9673
2167,7307
5048,3606
2219,182
9129,6997
7284,8443
8808,5379
4836,1663
6830,9400
7706,4621
7868,6901
4359,2079
2325,5194
2810,2479
1265,7490
6898,102
3067,2601
2893,7909
6034,3935
1492,8017
1341,6925
6930,6603
4369,5374
2144,3510
8117,1369
6224,2767
2686,431
3109,6107
9248,6456
9432,472
3796,5582
4111,9368
8973,1984
7581,9349
5164,5382
6325,9040
312,6700
5985,3690
9050,668
1705,8816
2885,8122
7401,9381
2556,1098
5993,6515
2577,8307
5217,4036
8798,6160
3791,4367
5108,8226
8598,5709
5916,1976
4667,1846
6794,1515
9180,5957
868,9957
2085,9637
6257,5035
3906,2131
5328,3229
5094,8330
6857,127
2220,8154
6719,5441
9863,300
605,4375
750,3291
5602,6023
842,400
3036,856
5545,5120
4253,8102
8242,604
5217,4880
2454,6574
9473,5207
5172,2080
1653,9241
5878,1619
613,9257
3945,9879
4925,1566
3904,5129
2343,6517
1715,3769
465,9427
6126,9903
751,7118
4173,8135
5556,8838
3082,9496
1733,7149
5868,6018
38,6024
443,3995
1179,4828
2663,3968
8982,9769
5370,4375
1997,8873
2465,6853
522,2457
3304,1199
7803,5056
9167,8027
6575,8991
8643,6002
1436,4986
447,4117
3942,2487
2973,7739
34,6325
2249,296
9887,777
7285,3276
4669,4259
3682,3338
206,1719
9134,5311
9739,3757
5069,2669
2330,1651
849,3945
4003,4593
153,7846
3871,8786
1385,3172
5689,4940
5230,1157
4859,1426
5622,5328
87,9175
2375,8276
5374,3740
4201,8343
869,509
6386,5557
9270,8917
3311,9633
1411,9885
9412,9391
5796,9177
4901,6757
8045,3536
3328,9976
7964,1176
3405,8413
4439,6776
5971,433
2267,4131
6874,3284
9718,1493
7859,8658
7165,7542
4340,1168
8622,6934
3412,9736
1029,4836
7181,9762
8824,3643
6477,1463
9545,5045
3110,626
2039,4930
5038,7009
8681,3041
1408,5012
1028,3752
8403,7081
3204,7116
1074,5242
4214,9604
9784,7117
6796,1504
3996,4839
5926,9479
8630,6046
62,1488
7586,4052
329,911
2809,1066
4705,3475
262,2007
6766,8161
8999,3366
3703,9083
2587,6935
18,8760
1553,4642
6270,7232
2826,1921
5081,2960
2620,1394
8289,2095
733,5044
2160,6847
6681,255
2046,2905
8510,9805
5671,3563
4788,2304
5727,6147
772,8659
9771,4651
3131,3976
2837,648
3154,1732
1898,9250
1833,6069
2823,3792
451,295
2474,7495
1893,1776
3706,5585
1088,8708
2098,2507
4646,6466
3890,1147
2389,1042
5966,9058
5422,7112
289,6078
3590,4595
1214,853
1199,2153
5227,2060
7312,1290
7679,132
6397,5104
364,4631
3514,4325
9105,3531
8977,3623
4120,4457
5633,6178
361,3050
9345,8518
772,2426
6170,871
8213,4703
3642,2422
3541,6385
3334,4832
2939,4048
8706,6646
2528,6176
4355,6969
8074,3680
9901,5669
3386,7319
5716,6341
6681,7761
653,4296
825,2150
9639,4843
9784,2098
5849,3283
3099,7000
1606,7338
4316,7036
5839,5388
455,8682
6570,4661
9638,3544
435,7279
2077,1550
368,6948
2951,6439
6973,639
3805,1834
7748,8851
94,9482
7332,3329
669,9265
8744,899
8832,119
4547,479
5526,3251
2748,988
8994,1170
1758,1745
3424,1663
1109,8506
7916,6002
5549,7134
4217,8541
2222,5476
3183,992
3417,595
7263,2564
7886,7438
1528,2811
9102,2253
3707,8012
9524,1949
4377,645
4074,3325
5570,2553
3357,3087
5205,5551
7840,4765
5984,4237
7219,1066
8377,7248
1241,8183
8592,9299
4552,294
7231,9839
3154,9206
9392,5662
4509,7359
5895,8760
657,8621
7449,2844
6631,5992
1290,8986
4014,2290
4489,8447
8449,2690
7345,5902
4275,740
8791,5942
5477,6072
8216,1638
3350,6554
8090,1856
7012,7230
7244,6060
2564,1242
5945,5682
6040,7608
1200,8616
7242,2707
979,6526
6246,5656
5058,5490
9859,4409
6108,4482
1084,7160
6286,2004
8583,744
4879,7818
6675,8097
2090,8137
2200,8245
3908,4668
3564,9670
7235,2072
1422,8093
3691,8328
4083,4163
221,6146
8498,2527
7258,5646
3399,189
7825,1658
3454,9565
4175,279
1561,5400
2842,516
9129,6809
247,3432
6322,5753
6222,2384
3020,8065
5645,8458
