1,101,101
2,101,101
3,101,101
4,101,101
5,101,101
6,101,101
1,101,102
2,101,102
3,101,102
4,101,102
5,101,102
6,101,102
1,101,103
2,101,103
3,101,103
4,101,103
5,101,103
6,101,103
1,101,104
2,101,104
3,101,104
4,101,104
5,101,104
6,101,104
1,102,101
2,102,101
3,102,101
4,102,101
5,102,101
6,102,101
1,102,102
2,102,102
3,102,102
4,102,102
5,102,102
6,102,102
1,102,103
2,102,103
3,102,103
4,102,103
5,102,103
6,102,103
1,102,104
2,102,104
3,102,104
4,102,104
5,102,104
6,102,104
1,103,101
2,103,101
3,103,101
4,103,101
5,103,101
6,103,101
1,103,102
2,103,102
3,103,102
4,103,102
5,103,102
6,103,102
1,103,103
2,103,103
3,103,103
4,103,103
5,103,103
6,103,103
1,103,104
2,103,104
3,103,104
4,103,104
5,103,104
6,103,104
1,104,101
2,104,101
3,104,101
4,104,101
5,104,101
6,104,101
1,104,102
2,104,102
3,104,102
4,104,102
5,104,102
6,104,102
1,104,103
2,104,103
3,104,103
4,104,103
5,104,103
6,104,103
1,104,104
2,104,104
3,104,104
4,104,104
5,104,104
6,104,104
1,107,101
2,107,101
3,107,101
4,107,101
5,107,101
6,107,101
1,107,102
2,107,102
3,107,102
4,107,102
5,107,102
6,107,102
1,107,103
2,107,103
3,107,103
4,107,103
5,107,103
6,107,103
1,107,104
2,107,104
3,107,104
4,107,104
5,107,104
6,107,104
